976.563 1953.13 3906.25 7812.5 15625 31250 62500 125000 250000 500000 1e+06 
34.07 43.9515 47.3355 53.9296 60.7609 62.7512 65.8899 66.6898 66.4689 62.2575 64.002 64.002 
32.4281 39.4341 48.4479 54.7708 66.3141 63.4063 68.0901 66.7053 66.9227 65.4131 120.527 120.527 
28.5588 39.4339 42.5366 47.5598 61.7064 70.4158 66.0185 68.3459 66.1233 63.3783 73.795 73.795 
39.0762 43.9501 56.6624 53.4015 62.8099 63.4063 67.1856 67.2932 66.5587 62.7153 69.4227 69.4227 
-22.4928 36.9481 55.7354 54.8183 57.077 65.5574 65.6643 65.6403 66.1381 61.8077 67.073 67.073 
0 0 0 0 0 0 0 0 0 0 0 0 
35.8286 40.8191 49.7038 54.6704 60.698 60.0449 66.2505 67.6033 66.7833 61.8077 69.7398 69.7398 
25.8838 33.7209 51.8967 55.4106 58.6187 63.6517 65.7387 66.6898 66.4689 62.2575 66.1261 66.1261 
36.3152 40.7606 48.6023 55.3232 60.1959 60.9474 66.4094 66.8374 66.3574 62.9492 67.073 67.073 
33.1301 45.2249 53.0292 54.6443 59.6852 66.5888 65.2261 67.9255 65.1712 62.0307 64.002 64.002 
 
127210 83943.1 66093.4 44027.4 27203.5 16775.8 9837.96 5896.63 3311.76 1979.22 987.178 987.178 
68060.4 68151.7 57513.2 45766.4 17895.4 17592.6 9259.61 6482.32 3650.15 2078.75 520.724 520.724 
66082.1 84691.3 70646.1 53573.4 28239.9 16274 10299.3 6023.44 3572.29 2092.95 881.623 881.623 
58118.6 91539.3 57875.5 45091.7 27765.8 17592.6 10148.6 6101.14 3444.81 2051.95 919.444 919.444 
141317 98058.9 64667.7 42946.8 28193 16591.5 10106.4 5976.54 3406.53 2043.85 949.749 949.749 
0 0 0 0 0 0 0 0 0 0 0 0 
96683.3 94731.9 60273 44746.6 27962 16729.3 10030.2 5912.31 3381.46 2043.85 958.612 958.612 
81667.5 98205.2 60643.6 45730 28190.4 16798.6 10016.8 5896.63 3311.76 1979.22 930.931 930.931 
101840 90132.3 62006.7 44708.8 27699.8 16741.2 9851.44 5802.61 3343.29 2019.58 949.749 949.749 
106329 87934 64227.6 44492 27440.1 16362.5 10004.1 5724.65 3362.44 2011.48 987.178 987.178 
