976.563 1953.13 3906.25 7812.5 15625 31250 62500 125000 250000 500000 1e+06 
22.5951 36.4274 39.3894 42.9557 50.2819 59.9918 64.2961 65.2537 64.1106 106.801 80.7812 80.7812 
22.2672 34.1758 43.8313 44.9054 51.2685 57.438 60.7519 63.7168 62.6108 68.3528 92.9241 92.9241 
27.4802 35.0689 45.4246 44.5007 49.9891 57.4258 60.5871 62.723 63.2825 60.0814 88.2315 88.2315 
26.4235 40.7795 43.1573 45.6318 56.0074 58.2791 61.6208 62.723 62.7749 60.9507 78.1335 78.1335 
25.2748 39.1293 43.7401 46.1143 53.3713 59.2476 60.5159 62.8181 63.4565 61.8171 77.5407 77.5407 
22.1432 33.9548 39.7923 46.9811 54.9107 57.3411 61.0251 63.7168 63.3691 60.7445 73.2675 73.2675 
32.0423 36.5407 39.2707 44.6681 50.6205 57.3115 62.1851 62.8181 63.4565 59.8849 70.614 70.614 
33.3354 39.9579 42.8565 47.8424 52.2666 60.1825 61.6646 65.6403 63.5446 59.8849 65.7602 65.7602 
27.7654 32.251 41.2005 43.9079 52.3235 58.2791 61.1041 62.8181 62.9418 61.1601 65.8308 65.8308 
28.0972 34.5705 39.2978 44.2313 51.8935 59.207 61.0251 62.629 63.9704 61.1601 62.8342 62.8342 
 
29748.5 35547.7 28871.8 21606.7 11087.7 7014.53 4853.21 6261.26 3714.29 699.112 227.901 227.901 
37269.5 40522.5 37628.5 27968.1 11294.5 7266.53 6342.26 6046.09 3697.5 1865.41 413.172 413.172 
39943.7 45503.5 42334.5 32873 21203.1 11902.6 9920.43 6130.27 3638.33 2166.93 818.395 818.395 
43372.5 51197.5 41815.5 35517.6 21477.2 15407.8 9934.19 6130.27 3632.97 2174.62 896.323 896.323 
49319.8 55131.4 45730.6 35701.9 24267 15411.2 10099.7 6035.4 3574.04 2182.7 890.504 890.504 
49335.1 58275.4 47579.2 35834.6 22733.6 16978.3 10106.3 6046.09 3606.15 2207.62 964.705 964.705 
48636.9 59373.7 46447.3 36182 24888.4 15408.2 9852.58 6035.4 3574.04 2199.93 978.424 978.424 
52615 60458.1 46711.7 35975.2 24559 15679.5 9844.68 5976.54 3541.99 2199.93 1000.06 1000.06 
54968.5 66003.3 49470.4 36309.6 24805.6 15407.8 9926.97 6035.4 3568.68 2141.74 1024.85 1024.85 
68711.6 65960.2 50587.1 38058.6 23085.5 15933.5 10106.3 6225.42 3579.63 2141.74 1038.46 1038.46 
