976.563 1953.13 3906.25 7812.5 15625 31250 62500 125000 250000 500000 1e+06 
21.2519 21.7068 22.1033 25.1404 29.3958 36.0235 42.4073 48.4676 51.2303 50.8757 46.6287 46.6287 
21.6446 22.1194 22.6741 25.8373 30.0965 36.6979 43.6561 48.4676 51.9511 52.0842 47.2258 47.2258 
21.1472 22.2484 23.1651 26.6367 30.5941 37.6094 43.0302 49.0198 51.9602 52.0461 47.8222 47.8222 
20.2845 22.4269 23.473 26.0168 31.2024 37.2666 43.8479 49.4554 51.9511 52.4656 47.954 47.954 
22.0034 22.5727 23.5731 26.5713 30.811 37.6958 43.8479 49.9411 51.9511 52.0842 47.0995 47.0995 
20.3419 21.807 23.5731 26.5713 30.851 37.9043 44.8478 49.9411 51.9511 52.0461 46.9738 46.9738 
20.9136 22.1614 23.5254 26.6888 31.2363 37.9043 44.6714 49.9892 51.9602 52.0842 47.6911 47.6911 
20.8482 22.4807 23.6694 26.9887 31.4447 38.2472 45.5004 50.376 51.9682 52.4656 47.6911 47.6911 
22.4213 23.6218 26.8951 31.6505 38.2472 44.8478 50.376 52.6556 52.0842 47.0995 47.8796 47.8796 
19.8587 22.3921 23.4319 27.0058 32.2366 37.9043 44.8478 50.3297 52.6577 52.5058 47.8222 47.8222 
 
17270.8 15769.8 13281.5 11613 9549.65 7640.19 5504.4 3848.02 2477.79 1624.6 1055.06 1055.06 
18139.8 15777.8 13692.5 11809 9753.69 7427.07 5647.27 3848.02 2507.93 1606.17 1057.35 1057.35 
18936.3 16809.4 14218.4 12185.9 10066.5 7730.87 5748.61 3903.29 2538.78 1616.87 1059.74 1059.74 
18865.7 16870.7 14570 12279.1 10097.5 7836.89 5729.22 3899.64 2507.93 1607.27 1048.73 1048.73 
19011.1 17045.9 14859.3 12590.5 10135.4 7989.75 5729.22 3925.92 2507.93 1606.17 1068.38 1068.38 
19845.6 17028.8 14859.3 12590.5 10311.6 8066.46 5793.31 3925.92 2507.93 1616.87 1079.43 1079.43 
19335.5 17150.8 14972.6 12769.8 10273.7 8066.46 5710.85 3955.7 2538.78 1606.17 1070.77 1070.77 
19795.6 17387.4 15148.8 12723.8 10343.1 7960.73 5693.51 3922.69 2569.7 1607.27 1070.77 1070.77 
17615.3 15262.2 12836.5 10412.7 7960.73 5793.31 3922.69 2507.66 1606.17 1068.38 1106.57 1106.57 
19666.8 17729.2 15199.3 13016.2 10445.8 8066.46 5793.31 3892.9 2538.55 1596.58 1059.74 1059.74 
