976.563 1953.13 3906.25 7812.5 15625 31250 62500 125000 250000 500000 1e+06 
0.000730782 0.281907 -0.17177 0.260298 0.0204708 0.283504 0.0983134 0.337057 0.571278 1.33436 2.42104 2.42104 
-0.189568 -0.0858163 0.369616 0.260298 0.210398 0.443106 0.447615 0.549079 0.478343 1.02548 2.40305 2.40305 
-0.37124 0.281907 0.195883 0.260298 0.0204708 0.443106 -0.100971 0.479929 0.811046 1.33436 2.2179 2.2179 
0.000730782 0.64719 0.00608924 0.260298 0.0204708 0.443106 0.0983134 0.479929 0.571278 1.32127 2.60825 2.60825 
0.000730782 0.281907 0.195883 0.0869765 0.369395 0.249768 0.0983134 0.549079 0.811046 1.03609 2.01671 2.01671 
0.543508 0.64719 0.195883 0.260298 -0.142375 0.443106 0.300016 0.690935 0.571278 1.03609 2.01671 2.01671 
0.17819 0.0922477 0.369616 0.260298 0.210398 0.443106 0.447615 0.127576 0.571278 1.0458 2.2179 2.2179 
0.17819 0.281907 0.195883 -0.103088 0.369395 0.794486 0.392472 1.04227 0.571278 1.03609 2.01671 2.01671 
0.000730782 0.474008 0.00608924 0.0709503 0.0204708 0.443106 0.246852 0.479929 0.478343 0.747983 2.2179 2.2179 
0.17819 0.281907 -0.17177 0.260298 0.0204708 0.443106 -0.100971 0.19109 0.478343 1.32127 2.42104 2.42104 
 
1195 1199.76 1193.92 1212.34 1202.48 1198.11 1200.09 1199.97 1204.76 1189.19 1163.77 1163.77 
1202.74 1195.79 1209.55 1212.34 1195.14 1209.65 1204.32 1192.54 1192.8 1207.33 1183.57 1183.57 
1191.03 1199.76 1197.89 1212.34 1202.48 1209.65 1207.44 1211.83 1197.82 1189.19 1175.58 1175.58 
1195 1203.78 1205.56 1212.34 1202.48 1209.65 1200.09 1211.83 1204.76 1201.37 1171.77 1171.77 
1195 1199.76 1197.89 1200.65 1206.47 1217.1 1200.09 1192.54 1197.82 1195.16 1187.38 1187.38 
1210.78 1203.78 1197.89 1212.34 1191.18 1209.65 1192.76 1204.41 1204.76 1195.16 1187.38 1187.38 
1206.74 1207.44 1209.55 1212.34 1195.14 1209.65 1204.32 1207.42 1204.76 1182.99 1175.58 1175.58 
1206.74 1199.76 1197.89 1208.33 1206.47 1213.78 1223.2 1208.9 1204.76 1195.16 1187.38 1187.38 
1195 1192.09 1205.56 1220.01 1202.48 1209.65 1211.64 1211.83 1192.8 1188.99 1175.58 1175.58 
1206.74 1199.76 1193.92 1212.34 1202.48 1209.65 1207.44 1188.13 1192.8 1201.37 1163.77 1163.77 
