976.563 1953.13 3906.25 7812.5 15625 31250 62500 125000 250000 500000 1e+06 
47.4329 57.6548 64.0694 65.6308 69.0947 69.7055 69.0635 68.5513 65.5617 62.2782 59.3997 59.3997 
51.1338 56.6207 64.3022 68.4111 69.8441 70.0776 69.0904 67.4006 65.668 62.2617 59.1656 59.1656 
53.0823 58.1747 63.8043 67.752 70.289 70.3352 69.2642 67.553 66.3262 61.9837 58.8844 58.8844 
50.8606 60.5261 64.9694 68.445 69.9561 70.4671 69.9471 68.6229 66.1058 61.7435 58.8844 58.8844 
53.6441 60.5261 62.8293 67.7805 70.013 69.6365 69.9471 68.6229 65.6597 61.9837 57.9912 57.9912 
49.9961 62.4941 64.8935 67.7805 70.4062 70.6011 70.5529 68.7882 65.7687 61.2121 59.4898 59.4898 
49.2672 54.7982 64.4298 69.221 70.013 70.6011 70.0395 68.7882 66.442 61.448 58.3847 58.3847 
52.7108 61.0968 64.8935 67.0801 70.0705 69.8896 70.5529 68.0217 66.5557 61.448 58.7832 58.7832 
48.7252 60.8767 64.1328 67.752 70.0705 70.7374 70.2269 68.9558 66.1 62.4717 59.2394 59.2394 
49.9909 60.2999 64.4298 68.516 70.5868 70.7374 70.2269 68.9558 66.212 61.6863 60.1072 60.1072 
 
279307 217903 130887 78222.6 44194.6 25669.1 14702 8554.4 4973.03 2988.26 1656.32 1656.32 
317907 206655 127146 74721.8 42223.5 24775.8 14175.4 8293.41 4780.57 2861.88 1638.04 1638.04 
289363 204811 125429 73788 41979.9 24184.9 13974.7 8186.54 4716.99 2774.95 1589.5 1589.5 
295665 202284 123354 73828.2 41653.3 23890.9 13697 7996.44 4635.59 2812.34 1589.5 1589.5 
287857 202284 122925 72896.2 41369 24131.1 13697 7996.44 4626.72 2774.95 1578.57 1578.57 
268502 194521 121556 72896.2 41411.1 23597.8 13520.8 7890.81 4590.72 2763.44 1552.6 1552.6 
255995 205837 120742 72098.7 41369 23597.8 13597.6 7890.81 4527.83 2726.25 1553.96 1553.96 
312851 198733 121556 72863.6 41085.1 23543.6 13520.8 7868.42 4492.09 2726.25 1529.5 1529.5 
226023 195969 123528 73788 41085.1 23305.7 13399.5 7785.61 4483.25 2700.68 1534.89 1534.89 
294472 199508 120742 72048.6 40561.3 23305.7 13399.5 7785.61 4447.61 2689.24 1516.02 1516.02 
