976.563 1953.13 3906.25 7812.5 15625 31250 62500 125000 250000 500000 1e+06 
28.0786 43.8935 47.7377 50.4488 56.8142 64.7552 61.9839 61.8556 60.3008 90.7103 84.0291 84.0291 
33.2033 47.4079 47.6218 56.8734 56.5241 56.5618 62.747 61.8288 60.8878 60.2449 103.566 103.566 
31.7815 43.0564 48.6565 54.3999 57.5296 61.2087 61.5075 60.7388 60.9576 59.2498 78.0876 78.0876 
33.087 44.659 47.6186 52.902 57.2808 61.7861 62.0483 62.5874 61.5489 59.0582 64.3917 64.3917 
31.5728 43.8741 49.3009 52.7425 58.5624 61.6954 62.0483 62.5874 61.0279 58.8698 63.1926 63.1926 
36.6806 44.5274 50.1416 56.2468 57.9756 60.8817 61.384 62.5874 61.0279 59.0582 62.029 62.029 
27.668 42.7416 52.648 54.2405 57.964 61.6242 60.7314 62.9397 61.6243 59.2498 63.4486 63.4486 
44.2347 41.5259 47.8142 55.8669 58.6373 61.9954 62.6187 62.9397 62.3012 58.0734 61.5553 61.5553 
46.7903 40.7361 49.5105 54.4897 58.6497 62.3664 62.6713 62.9073 61.6243 58.0734 58.4994 58.4994 
26.2187 43.1535 50.0177 55.1388 56.6107 61.9756 63.8512 62.9397 61.7004 59.0582 58.5362 58.5362 
 
33386.9 25030.8 24601 21986.5 8668.17 5655.61 3638.81 4992.87 3032.9 688.767 148.6 148.6 
33761.6 33634.1 34479.6 25528.3 9139.89 5576.19 3749.24 5023.46 3036.45 1829.62 445.471 445.471 
32325.1 48215.2 42995.3 29101.6 16099.6 11147.7 7806.84 5078.4 3005.39 1823.25 756.462 756.462 
41915.8 56774.4 47160.9 32945.9 20967.2 12421.5 7986.44 4967.31 3009.19 1855.03 827.082 827.082 
62050.6 66314.1 49102.1 34215 18999.9 12846.8 7986.44 4967.31 2974.38 1886.92 843.005 843.005 
61837 68844.8 48964.3 31760 21452.9 13180.9 8067.24 4967.31 2974.38 1855.03 859.212 859.212 
71345.5 73831.4 50099 33109.8 21207 13188.1 8148.94 4970.05 2978.18 1823.25 833.118 833.118 
47727.8 75897.8 47873.2 32275.7 21696.4 13192.4 8080.34 4970.05 2951.3 1849.1 879.22 879.22 
58188.8 79352.1 51307.7 34602.6 22684.4 13197.2 7993.4 5000.61 2978.18 1849.1 885.912 885.912 
84818.8 66074.6 49729.4 33311.7 20975.7 13277.9 8096.72 4970.05 2947.23 1855.03 919.593 919.593 
