976.563 1953.13 3906.25 7812.5 15625 31250 62500 125000 250000 500000 1e+06 
31.299 28.2608 28.9931 29.3287 32.5689 38.3907 43.7002 49.8032 53.808 53.3921 52.9869 52.9869 
29.3817 26.9134 27.3573 28.2883 33.021 38.1478 44.3066 49.5914 53.5782 54.0495 52.6613 52.6613 
26.4194 27.021 26.1759 28.2883 33.021 38.1478 44.2081 50.5551 53.0466 54.0495 52.4939 52.4939 
26.6859 25.6114 25.6921 28.0715 31.8423 38.0208 44.3066 50.5988 53.5434 53.3872 52.4939 52.4939 
27.3375 25.3022 25.6921 27.6818 31.4522 38.397 45.3316 51.4283 53.0147 54.2161 51.5515 51.5515 
27.3178 24.8194 25.8195 27.6818 32.2314 38.6455 44.863 50.5551 54.0785 55.2202 52.5388 52.5388 
25.5249 24.2705 23.9121 26.8881 32.2314 39.0194 45.3316 50.5082 54.1164 54.5525 52.5388 52.5388 
24.0688 24.1929 24.3804 27.8611 33.021 38.8976 45.8089 50.5082 53.6812 54.7223 52.5755 52.5755 
24.2751 23.4296 22.705 27.2842 32.8841 39.4129 46.2078 51.3482 54.3391 54.1916 52.6038 52.6038 
21.2388 23.5023 24.2249 27.0832 32.2314 39.7973 46.7058 51.2553 54.3755 54.3555 52.1254 52.1254 
 
37966 30850.1 24802.5 21190.8 17233.1 13111.6 9552.82 6441.02 4150.12 2668.96 1637.1 1637.1 
33018.8 28598.1 23778 19658.5 15815.7 12407.7 9080.17 6051.49 3906.76 2523.26 1548.63 1548.63 
32389.8 28251.6 23518.7 19658.5 15815.7 12407.7 8992.27 6142.88 3938.61 2523.26 1560.93 1560.93 
32589.1 28152.3 23664.6 20002.2 16248.8 12327 9080.17 6240.35 3940.9 2480.16 1560.93 1560.93 
30144.1 27956.2 23664.6 19793.5 16031.6 12569.7 8962.4 6041.27 3972.79 2487.22 1593.47 1593.47 
31390.5 28456.8 23319.5 19793.5 15922.3 12461.7 9065.09 6142.88 3909.24 2458.73 1519.65 1519.65 
32147 27720.9 23917 20275.5 15922.3 12435.2 8962.4 6045.78 3875.14 2415.6 1519.65 1519.65 
29576.5 28069.1 23765.3 20346.4 15815.7 12354 8860.21 6045.78 3804.79 2380.02 1478.81 1478.81 
28526.7 26449.9 23686 19585.9 15924 12139.2 8670.41 5847.63 3672.12 2302.54 1438.4 1438.4 
30527.2 26102.3 22878.2 19930.5 15922.3 12113.6 8569.27 5655.42 3638.55 2267.46 1434.24 1434.24 
