976.563 1953.13 3906.25 7812.5 15625 31250 62500 125000 250000 500000 1e+06 
22.2683 25.905 28.9803 30.2751 31.2233 32.1909 44.45 52.7494 -94.8626 172.393 -123.149 -123.149 
20.1808 29.1183 29.2943 34.4649 39.6527 43.6826 49.4026 53.8204 -93.7638 50.2784 -94.4731 -94.4731 
19.3596 29.6732 29.7348 32.6409 33.3441 37.8617 46.6421 54.6782 -95.6792 55.6349 -112.66 -112.66 
22.7576 26.6367 31.161 36.7112 34.3436 37.7319 45.6603 -104.108 -94.3781 55.5481 -115.192 -115.192 
17.6199 25.9812 28.7997 38.2996 37.2424 44.5574 50.2532 55.7269 -92.796 47.2454 -68.0013 -68.0013 
18.9527 24.8154 29.7767 34.2247 34.6735 38.1261 46.3028 -103.035 -93.194 55.5915 -97.61 -97.61 
20.3214 25.8946 29.1087 35.7892 34.3402 36.9034 45.1887 -103.259 -92.5942 55.5698 -107.995 -107.995 
19.4045 29.3851 30.0309 34.4905 34.5104 35.9843 44.5598 -105.033 -93.7817 55.5698 -110.588 -110.588 
19.3167 27.7924 27.063 34.2247 35.3962 35.7302 44.5598 -103.189 -92.608 62.7266 -107.995 -107.995 
20.0235 28.4526 31.609 33.9067 37.2424 44.5574 50.9746 55.6483 -94.2476 50.2784 -117.193 -117.193 
 
8228.18 8857.35 7759.96 6644.42 3178.1 2505.74 2391.19 1612.87 1054.67 19.0176 125.636 125.636 
8708.48 9170.63 7825.38 6197.26 5303.21 3360.63 2344.05 1636.65 719.799 94.4583 41.9289 41.9289 
9147.38 9019.86 8064.78 6485.11 3885.6 3007.41 2206.41 1606.65 892.604 42.6338 79.1623 79.1623 
8679.64 9545.7 7941.17 6338.75 3850.8 2925.59 2269.77 2410.39 698.279 76.9107 60.9213 60.9213 
9530.86 9528.82 8431.58 6345.17 4979.63 3535.65 2391.15 1631.41 497.864 121.096 18.8234 18.8234 
9533.75 10169.9 7783.13 6654.97 4065.92 2973.38 2263.45 2355.91 687.259 59.7533 60.299 60.299 
8265.47 9247.68 8215.17 5774.7 3794.21 2830.53 2301.68 2256.42 690.902 68.3273 63.6751 63.6751 
8925.74 9235.91 8130.78 6373.04 3760.22 2794.12 2308.45 2241.34 701.76 68.3273 71.3654 71.3654 
9369.03 9410.32 8607.68 6654.97 3647.4 2828.59 2308.45 2313.89 708.956 68.8851 63.6751 63.6751 
9262.34 9430.64 8812.73 6585.43 4979.63 3535.65 2412.82 1604.18 600.318 94.4583 34.6357 34.6357 
