976.563 1953.13 3906.25 7812.5 15625 31250 62500 125000 250000 500000 1e+06 
6.36557 11.4739 21.0723 37.7263 57.0464 70.2895 78.2718 78.1886 73.4808 63.8233 44.9644 44.9644 
6.58721 10.923 21.4799 37.7106 56.8027 70.1501 78.864 78.5403 73.4808 63.4778 44.7723 44.7723 
6.80632 11.3909 21.0723 37.4653 56.5749 70.2202 78.864 78.1886 73.4808 63.8233 45.0861 45.0861 
6.36557 11.1988 21.0723 37.9583 56.8027 70.2202 79.4572 78.1886 73.2689 63.2563 44.7723 44.7723 
6.36557 11.1988 20.9369 37.4653 56.8174 70.0016 78.864 77.8419 73.5442 63.8233 44.5081 44.5081 
7.13706 11.1988 21.0723 37.7263 56.3527 70.2202 78.3267 78.1886 73.3014 64.1756 44.9644 44.9644 
6.64257 11.3909 21.2059 37.7106 56.8174 70.1501 79.4572 78.5683 73.7259 63.3679 44.7003 44.7003 
6.53238 11.3909 21.0723 37.9718 57.0464 70.1501 78.864 77.8093 73.2689 63.2563 44.8929 44.8929 
6.86241 10.923 21.3422 37.6947 56.8027 70.1501 79.4134 78.5403 73.4808 63.3679 44.7003 44.7003 
6.31149 10.923 21.2059 37.9718 56.5749 70.2202 79.4572 78.158 73.4808 63.8233 44.7723 44.7723 
 
48501.1 48033 45141.9 38534.7 25844.8 15400.2 7707.07 4005.68 2046.76 1060.94 788.36 788.36 
48782.2 47895.4 45037 38195.5 25631.4 15245.3 7700.02 3977.09 2046.76 1071.4 789.345 789.345 
49064 48263.3 45141.9 38370.7 25954.7 15322.8 7700.02 4005.68 2046.76 1060.94 784.736 784.736 
48501.1 47963.6 45141.9 38021 25631.4 15322.8 7693.79 4005.68 2056.66 1054.53 789.345 789.345 
48501.1 47963.6 44821.6 38370.7 26167.6 15419 7700.02 4034.41 2064.26 1060.94 787.699 787.699 
48878.2 47963.6 45141.9 38534.7 26278.3 15322.8 7786.65 4005.68 2065.41 1050.53 788.36 788.36 
48547.7 48263.3 45462.4 38195.5 26167.6 15245.3 7693.79 4003.64 2045.64 1062.96 786.702 786.702 
49016.7 48263.3 45141.9 38360.2 25844.8 15245.3 7700.02 4007.89 2056.66 1054.53 785.715 785.715 
48829.6 47895.4 45249.6 37856.3 25631.4 15245.3 7614.07 3977.09 2046.76 1062.96 786.702 786.702 
48735.8 47895.4 45462.4 38360.2 25954.7 15322.8 7693.79 3979.14 2046.76 1060.94 789.345 789.345 
