976.563 1953.13 3906.25 7812.5 15625 31250 62500 125000 250000 500000 1e+06 
39.893 45.6877 45.9182 54.8588 58.9689 58.5671 65.1026 64.1128 64.5978 80.7784 22.8498 22.8498 
37.2904 51.3368 60.812 56.6671 52.9874 63.7311 63.2918 63.9575 62.3012 73.058 99.4394 99.4394 
48.7558 43.6755 50.6345 55.3717 63.8689 64.3718 65.233 64.4268 62.22 61.9163 74.1451 74.1451 
44.1833 46.5576 52.8965 56.1168 62.7344 62.5232 63.7878 64.7816 61.6243 58.4322 70.6314 70.6314 
47.4742 50.7632 53.0889 56.3577 60.6079 62.8103 64.4663 64.4268 63.0766 60.4536 62.6924 62.6924 
43.2805 34.811 54.8358 56.2287 61.8651 63.3946 64.3972 62.8112 62.3833 60.4536 66.1302 66.1302 
56.4289 64.1364 49.3083 58.2821 63.2846 62.6658 63.7251 64.7816 62.3012 59.4446 61.0954 61.0954 
52.8275 51.298 58.5791 55.4158 59.275 61.176 63.7878 61.7754 62.3833 57.2501 59.7964 59.7964 
29.9706 48.2529 66.6709 57.4515 60.559 61.8976 64.3972 64.4268 63.0766 58.4322 57.6461 57.6461 
45.2912 68.5628 54.69 58.6439 59.275 63.0302 64.329 64.8239 62.3833 58.4322 61.6773 61.6773 
 
55726.6 40344.7 23570.1 23219.1 9119.93 6612.62 3542.88 5166.44 2811.3 621.967 121.776 121.776 
51867.3 57887.1 27707.2 31494.5 15471.4 10164.2 7045.05 5009.78 2951.3 1446.61 262.057 262.057 
45952.2 61602.8 51371.4 29054 18316 8673.4 7942.77 4921.55 2982.25 1741.85 762.364 762.364 
52234.1 58227.2 53534.8 34270.6 20501.7 12600.4 8183.77 4925.09 2978.18 1785.67 785.096 785.096 
89822 85278.6 53015.3 36525.8 21456.6 12946.4 8106.15 4921.55 2893.91 1797.96 862.87 862.87 
156374 153660 54311 35271.5 21967.9 13471.2 8193.18 5092.54 2920.4 1797.96 848.955 848.955 
54247.6 67141.8 58092.9 35460.4 21255.2 13459.1 8270.94 4925.09 2951.3 1791.58 899.342 899.342 
77923.8 77007.4 50366 35308 22684.7 13612.2 8183.77 5084.76 2920.4 1811.87 858.882 858.882 
168308 78575.5 45358.8 35229.1 22197.6 13620.4 8193.18 4921.55 2893.91 1785.67 892.954 892.954 
70563.5 53676.3 60282.2 34447.9 22684.7 13464.9 8280.33 4894.61 2920.4 1785.67 936.979 936.979 
