976.563 1953.13 3906.25 7812.5 15625 31250 62500 125000 250000 500000 1e+06 
27.917 43.5091 50.6108 55.413 59.6197 61.9982 64.589 65.5928 63.7647 61.3728 54.2093 54.2093 
37.2986 45.6347 52.9444 58.3435 60.6568 62.926 65.1471 66.614 63.9665 60.504 55.4125 55.4125 
28.8617 47.7116 54.1849 56.4945 61.6786 64.5925 65.1471 65.5928 64.6858 60.504 56.2754 56.2754 
39.9679 47.9714 53.8304 55.652 61.1504 65.549 66.1295 65.7334 64.1715 60.7371 56.6568 56.6568 
42.4946 49.0285 53.2179 58.5017 62.7233 64.5925 65.6386 65.7334 64.5795 60.7371 55.289 55.289 
39.1169 47.9781 53.7401 58.4237 62.1762 65.4549 65.0779 66.9225 64.6858 60.7371 56.2754 56.2754 
38.1372 48.4242 55.4088 57.6382 62.1311 65.4549 66.1295 67.4923 64.6858 60.7371 55.4732 55.4732 
45.0316 49.7409 54.2094 59.6404 62.6475 65.4549 66.1295 66.614 65.3096 60.7371 56.4655 56.4655 
44.1555 49.996 54.332 59.4562 62.1311 65.3624 66.1295 66.614 65.0896 61.8607 55.6586 55.6586 
41.2067 49.996 54.8082 59.5192 62.6475 65.3624 66.1295 67.4923 65.3096 60.504 56.1584 56.1584 
 
148699 102946 72748.7 48379.3 29488 18530.8 11174.7 6638.15 3930.16 2332.72 1439.35 1439.35 
154660 107773 74585.2 48121.2 29755.8 18269.3 11092.5 6554.12 3861.51 2323.12 1396.05 1396.05 
206816 110814 70033.2 49104.7 30032.4 18595.9 11092.5 6638.15 3800.15 2323.12 1376.87 1376.87 
163122 109711 76033.3 50025.9 30565.7 18344.9 11120.7 6537.36 3793.19 2287.91 1353.29 1353.29 
166421 115354 76208.6 49773.3 29779.8 18595.9 11106.3 6537.36 3834.27 2287.91 1367.93 1367.93 
159160 117067 79475 48946.1 30308.4 18624.5 11187.8 6353.69 3800.15 2287.91 1376.87 1376.87 
165259 119503 78159.5 50674.8 31117.9 18624.5 11120.7 6572.09 3800.15 2287.91 1356.14 1356.14 
158424 119425 78483.2 52209.3 30856.7 18624.5 11120.7 6554.12 3773.3 2287.91 1365.06 1365.06 
159677 118320 79303 49712.2 31117.9 18905 11120.7 6554.12 3841.47 2262.43 1344.38 1344.38 
172910 118320 78317.7 50542.3 30856.7 18905 11120.7 6572.09 3773.3 2323.12 1348.79 1348.79 
