48545 976.563 59.2252 0.911388 884648 1.71034 
48545 1953.13 72.5224 0.356357 563037 0.488315 
48545 3906.25 80.9475 0.361356 291867 0.769299 
48545 7812.5 84.9249 0.273332 147024 0.312542 
48545 15625 86.6843 0.260024 72502.8 0.248301 
48545 31250 86.1182 0.372883 36564.8 0.465983 
48545 62500 85.352 0.196116 18553.5 0.377514 
48545 125000 81.4054 9.19527 2210.51 61.9777 
48545 250000 74.0722 0.375328 4763.08 0.623774 
48545 500000 67.9781 3.14174 2291.31 4.18923 
48545 1e+06 52.6131 2.97279 1136.34 4.16603 
