976.563 1953.13 3906.25 7812.5 15625 31250 62500 125000 250000 500000 1e+06 
25.3703 23.9137 23.7688 27.0794 33.9616 42.5868 50.7108 54.2391 52.7671 48.9442 41.6338 41.6338 
25.2123 25.1129 24.5113 27.7421 33.7628 43.2162 49.9547 53.6521 53.6157 48.4849 40.9341 40.9341 
25.1299 25.7035 24.9859 27.6306 33.7547 43.0303 50.287 53.6521 51.8925 48.9465 41.6338 41.6338 
25.2215 25.9897 25.3889 28.1798 34.4059 43.0303 50.287 53.6521 52.7671 48.9483 40.9648 40.9648 
24.6003 26.4348 25.5875 28.5129 34.6114 43.0303 50.1004 53.6982 52.8052 48.496 41.556 41.556 
23.2095 25.359 25.1669 27.1353 34.0501 42.1887 49.5096 53.2347 51.5604 46.8597 40.8591 40.8591 
25.3901 25.5137 25.0445 27.5163 33.6873 42.7468 50.3906 53.2749 53.0424 46.8658 41.3462 41.3462 
24.1932 25.7719 24.5517 27.2321 33.4191 42.9797 48.961 52.6243 53.2162 47.264 41.2226 41.2226 
25.5362 25.9192 24.9129 27.6591 33.5923 42.4139 48.7623 52.9321 52.6207 49.3388 41.5327 41.5327 
23.8706 25.6239 24.8613 27.2166 32.9322 42.0646 48.4884 51.5611 50.7038 45.6277 39.6006 39.6006 
 
16341.7 14987.7 13267.9 11379.9 9394.07 7008.01 4688.17 3007.84 1879.71 1177.57 819.149 819.149 
16671.7 15138.8 13233.9 11291.9 9152.49 6985.21 4641.97 2981.75 1849.87 1206.96 818.652 818.652 
15604.3 15216.9 13249 11401.4 9324.79 6908.29 4638.03 2981.75 1881.18 1187.33 819.149 819.149 
14599.5 15452 13374.5 11423.9 9188.28 6908.29 4638.03 2981.75 1879.71 1197.11 808.669 808.669 
13628.2 15750.8 13437.6 11380.9 9257.91 6908.29 4722.73 3010.12 1908.47 1236.37 839.205 839.205 
18555.2 17046.8 14878.3 13374.5 10672.5 7947.54 5310.68 3385.98 2201.25 1405.08 1002.43 1002.43 
18304.5 17500.6 15097.7 12935.6 10533.1 7924.55 5299.16 3414.69 2140.49 1415.06 1024.09 1024.09 
20100.2 19582.9 17262 14406.5 12022.6 8925.12 6071.98 3972.14 2465.19 1627.4 1151.6 1151.6 
20330.5 19254.5 17669.9 14714.7 11918.9 9204.15 6497.03 4265.65 2705.75 1690.91 1272.98 1272.98 
21093 16890.5 14251.5 12409.4 10256 7615.91 5242.19 3540.47 2144.61 1395.88 1021.65 1021.65 
