976.563 1953.13 3906.25 7812.5 15625 31250 62500 125000 250000 500000 1e+06 
25.6933 25.8474 25.6235 28.7873 34.9823 43.1369 50.693 53.8303 51.9892 48.9493 40.8374 40.8374 
25.5877 26.5103 26.2882 28.6988 34.3862 42.7742 48.7968 53.2565 51.1396 48.5012 40.7694 40.7694 
24.4837 26.118 27.0895 29.0254 34.5878 42.7742 49.7423 52.7783 51.9892 48.0524 42.1012 42.1012 
25.1104 26.2861 26.7492 29.3458 35.0751 43.0593 50.507 53.1476 53.9128 48.0635 40.7158 40.7158 
25.1104 26.2861 25.9687 28.5327 34.7327 42.292 48.9497 52.3621 51.3482 47.2354 41.1345 41.1345 
25.3901 26.7347 26.2898 28.7285 34.1168 42.7092 49.0972 52.7047 51.3947 47.6538 40.4718 40.4718 
25.8295 26.118 27.2973 29.7432 34.8045 42.7468 49.0388 53.0747 50.9303 47.6708 40.7158 40.7158 
25.2643 27.0621 25.1527 28.4407 33.9644 42.9895 48.9081 52.4488 51.5604 47.286 41.6381 41.6381 
26.9294 27.6459 28.1833 30.3491 34.5512 43.3444 48.961 52.6175 50.1476 46.8968 40.7639 40.7639 
26.0961 29.6786 27.5594 29.6854 34.1655 41.5394 47.857 50.689 49.5993 46.3796 40.0161 40.0161 
 
17252.3 16452.8 14111.3 11908.1 9570.1 7238.8 4881.04 3095.4 1938.65 1265.87 848.719 848.719 
17864.7 16314.5 13800.6 11732.3 9360.64 7084.81 4905.25 3069.39 1940.4 1256.03 868.859 868.859 
17930.6 17752.4 13665.1 11690 9430.32 7084.81 4892.54 3100.46 1938.65 1256.11 870.108 870.108 
18964.5 17424.5 14775.8 12394 10158.3 7492.8 5380.92 3676.65 2554.76 1485.27 1033.59 1033.59 
18964.5 17424.5 14629.8 12411.5 9845.27 7438.62 4986.04 3160.12 2055.78 1345.25 940.643 940.643 
18304.5 17615 14474.7 12478.1 9981.17 7338.53 5066.97 3359.84 2084.76 1335.21 950.191 950.191 
18493.1 17752.4 15534.4 12990.3 10606.7 7924.55 5567.66 3618.78 2290.66 1505.4 1033.59 1033.59 
19812.3 18980.2 18298.2 14585.7 11538.5 8335 5486.07 3505.98 2201.25 1495.28 1077.45 1077.45 
19393.9 18845.9 14619.2 12446.9 11055.8 8825.13 6071.98 3621.23 2263.17 1485.25 1023.19 1023.19 
14238.7 16827.3 13967.7 11606.4 9463.5 7132.19 4919.18 3113.34 2002.33 1335.79 898.687 898.687 
