42266 976.563 5.08337 0.144823 48364.2 0.31082 
42266 1953.13 10.8624 0.178955 48122.9 0.534901 
42266 3906.25 20.8327 0.135512 45788.2 0.501549 
42266 7812.5 37.2363 0.170555 38637.1 0.655276 
42266 15625 56.1971 0.380148 26551.3 0.586242 
42266 31250 70.0214 0.233775 15016.8 0.275843 
42266 62500 76.9665 0.238994 7931.75 0.767015 
42266 125000 78.165 0.236648 3998.86 0.315097 
42266 250000 73.8196 0.147379 2068.28 0.192623 
42266 500000 62.5995 0.396233 1124.72 0.748166 
42266 1e+06 43.7085 0.673689 700.581 0.812165 
