976.563 1953.13 3906.25 7812.5 15625 31250 62500 125000 250000 500000 1e+06 
32.0932 41.3859 48.0767 51.7433 55.0447 56.6055 57.9238 59.732 60.1075 57.0026 53.4528 53.4528 
34.6618 44.4734 48.3106 52.3009 55.1473 57.5615 59.5925 60.735 60.2607 58.2928 53.7998 53.7998 
39.3451 45.2454 49.7651 53.185 56.38 58.5805 60.7203 60.735 60.7909 58.2928 54.2974 54.2974 
41.2601 45.021 50.5546 53.6557 55.8071 58.5805 60.1375 60.8973 60.8719 59.189 53.9751 53.9751 
39.6204 45.8344 49.9696 53.4416 57.6165 58.5793 60.6825 60.735 61.4905 58.5021 55.1575 55.1575 
38.5088 45.9527 51.3485 54.3528 56.4923 58.5806 60.6825 61.6687 61.4053 58.2928 54.6551 54.6551 
39.4999 47.1917 50.9414 54.4089 57.6435 58.5806 60.6449 61.6687 61.4053 57.1974 54.8359 54.8359 
36.9152 46.347 52.1467 54.4089 57.0935 59.5699 61.1855 61.6687 60.8719 59.4084 55.0179 55.0179 
35.4814 47.716 51.8958 55.1432 56.5628 59.555 61.1855 61.6687 61.8499 58.2928 54.3291 54.3291 
37.4285 47.3802 49.8058 54.4644 56.5628 60.5307 61.1439 62.6015 62.4704 60.312 54.6551 54.6551 
 
101896 75304.6 53335.7 36212.4 23525.7 15745.2 9931.53 6154.94 3712.08 2288.84 1378.79 1378.79 
108989 74457 54099.1 36687.3 24041.2 15198.3 9757.57 6063.91 3644.44 2226.73 1355.16 1355.16 
101896 79273.7 56193.5 36860.8 24003.9 15466.3 9676.17 6063.91 3649.46 2226.73 1359.34 1359.34 
104827 87335.9 55995.4 37081.7 24280 15466.3 9762.92 5866.92 3615.74 2235.02 1343.4 1343.4 
115183 85964.3 56966.4 37911.2 23976.2 15195.8 9768.99 6063.91 3587.33 2191.93 1340.06 1340.06 
116454 84136.6 55807 38359.4 24781.7 15737.6 9768.99 6073.09 3620.99 2226.73 1335.82 1335.82 
109454 84331.2 57546.5 38623.6 24235.5 15737.6 9861.97 6073.09 3620.99 2253.77 1324.11 1324.11 
119406 85670.4 55628.2 38623.6 24767.2 15739.6 9868.8 6073.09 3615.74 2200.19 1312.43 1312.43 
124407 84055.1 58140.9 38287 25302.2 16011.9 9868.8 6073.09 3660.22 2226.73 1319.96 1319.96 
127947 85101.6 59496.7 38888.1 25302.2 16018 9961.98 6083.53 3632.21 2208.88 1335.82 1335.82 
