976.563 1953.13 3906.25 7812.5 15625 31250 62500 125000 250000 500000 1e+06 
22.4043 36.4499 44.365 50.3373 55.2545 59.4281 61.0284 60.5407 58.1117 55.4175 46.8664 46.8664 
35.4393 44.2344 47.8993 55.2734 58.7752 60.8616 61.847 61.9864 58.8933 55.5508 48.9615 48.9615 
36.1875 45.9073 51.2385 56.5106 59.6457 61.7805 61.7222 61.9476 59.7585 56.1253 48.1067 48.1067 
36.1501 45.9522 51.6386 56.6067 58.776 61.2789 62.6649 61.9091 60.5475 56.5649 48.2643 48.2643 
39.1172 44.5341 51.743 56.6372 59.6346 62.7043 62.5204 62.4163 59.7585 56.4922 48.9615 48.9615 
31.9238 45.8183 52.3255 57.1713 60.4476 62.7043 62.5921 62.3331 61.3356 56.4199 48.2643 48.2643 
37.1324 47.5786 52.6589 57.1965 60.4476 63.179 64.2973 62.7952 60.4546 56.4199 47.5658 47.5658 
39.2942 47.4622 53.7786 58.2576 61.2839 63.179 62.5204 62.3331 59.6743 56.4199 49.1269 49.1269 
38.1018 46.9458 52.9592 58.2883 62.0752 63.1424 63.2374 63.257 59.5908 56.4199 48.423 48.423 
36.4363 46.9458 53.0801 58.2883 62.12 63.179 63.3177 62.7952 60.5475 55.9161 48.9615 48.9615 
 
58866.4 47925.4 34654 24335.5 16091.3 9885.91 6135.8 3763.19 2302.28 1440.65 898.058 898.058 
69969.1 51550.6 38616.8 25332.9 16309.2 10151.1 6142.02 3739.03 2305.13 1419.08 905.369 905.369 
71912.7 57125.4 40181.7 26049.6 16310.6 10331.8 6317.8 3769.85 2276.92 1399.25 913.833 913.833 
85425.7 60121.3 40386.8 26804.3 16557 10413.7 6149.34 3800.72 2280.46 1401 902.822 902.822 
86640.7 62807.9 40873.9 27056.3 16558.6 10429 6325.14 3772.5 2276.92 1411.75 905.369 905.369 
88685.8 62418.5 42058.9 27043.1 17060.9 10429 6237.15 3834.28 2284.36 1422.52 902.822 902.822 
81610.9 64187.7 42025.4 27295.5 17060.9 10435.4 6167.24 3837.15 2311.89 1422.52 900.385 900.385 
87310.6 60472.3 42669.5 27276.1 17069.4 10435.4 6325.14 3834.28 2308.33 1422.52 894.377 894.377 
90411.3 64357.4 43741.6 27782.2 17330.5 10521.8 6421.7 3840.23 2339.83 1422.52 891.841 891.841 
91570.8 64357.4 44479 27782.2 17081.2 10435.4 6333.54 3837.15 2280.46 1431.55 905.369 905.369 
