976.563 1953.13 3906.25 7812.5 15625 31250 62500 125000 250000 500000 1e+06 
29.0265 32.699 38.6907 44.9549 48.8516 51.5368 55.1297 56.5109 57.2815 55.5108 52.071 52.071 
30.3437 34.8883 41.7396 46.508 49.8428 54.3484 56.8636 58.6248 57.7567 57.2952 51.8847 51.8847 
29.7708 38.4981 41.7396 46.8395 51.6432 55.3422 57.4412 58.7114 59.0663 55.5155 52.4692 52.4692 
27.8144 38.0311 41.9886 47.3404 51.1362 54.3484 56.9177 59.8461 59.1542 58.0148 52.3613 52.3613 
28.7689 38.3845 44.187 48.3266 52.2707 55.3422 57.4724 58.798 59.1542 57.097 51.8577 51.8577 
31.6223 37.6918 44.187 48.2529 51.7506 56.3628 57.9919 60.8071 59.7837 57.097 52.2447 52.2447 
29.3897 39.205 44.4074 48.812 52.8998 56.3628 58.5426 59.8461 59.7837 58.0148 52.9525 52.9525 
33.4233 37.1055 43.0209 48.9487 51.8019 56.3628 58.5029 59.6491 60.3244 57.097 53.6664 53.6664 
29.6716 38.3812 43.818 49.0154 53.6027 55.3655 57.9564 59.6491 60.4205 56.8647 52.4398 52.4398 
30.043 35.7738 45.0311 49.547 52.4994 56.351 59.0934 60.8071 60.2289 58.0148 53.1518 53.1518 
 
71913.8 66590.3 47328.8 34912.8 24376.7 16390.2 10507.6 6765.16 4111.52 2553.67 1561.76 1561.76 
85921.4 68545.5 50343.8 34445.7 23555.7 15540 9947.79 6368.07 3895.9 2412.62 1499.91 1499.91 
87274.3 67475.1 50343.8 34145.1 23224.9 15263.6 9858.06 6265.32 3800.5 2393.55 1461.75 1461.75 
86591.7 66128.3 51052.2 34345.6 23756.5 15540 9758.48 6070.89 3765.11 2301.31 1431.57 1431.57 
84828.2 69095.2 49719.4 34754.7 23203.7 15263.6 9763.41 6162.98 3765.11 2291.76 1426.73 1426.73 
79055.3 67076.3 49719.4 34503.2 23733.7 15262.8 9863.8 6082.02 3735.7 2291.76 1401.7 1401.7 
91837 65591.1 50437.1 34963.2 23184.9 15262.8 9870.28 6070.89 3735.7 2301.31 1394.03 1394.03 
93130.1 72894.7 51551.4 35468.3 23988.8 15262.8 9965.25 6275.43 3741.84 2291.76 1386.45 1386.45 
81488.6 73016.2 51349.4 35721.1 23679.7 16082.1 9958.7 6275.43 3706.58 2328.61 1389.24 1389.24 
102084 74433.5 52599.9 36187.9 24480.8 15808.6 9877.49 6082.02 3777.18 2301.31 1381.58 1381.58 
