976.563 1953.13 3906.25 7812.5 15625 31250 62500 125000 250000 500000 1e+06 
40.3183 54.294 56.0676 59.7234 62.7624 64.1752 64.916 63.5207 62.8806 56.8631 65.2983 65.2983 
41.7271 50.8294 54.3595 59.0677 59.5566 66.0172 65.9562 64.2955 62.8806 111.614 70.0092 70.0092 
41.8142 53.1925 55.4547 58.4217 62.1756 63.3605 65.8879 63.6271 62.3152 62.7233 81.6208 81.6208 
42.7074 54.7589 64.4155 60.2943 64.5572 63.3605 64.0002 63.5207 62.9664 60.5933 75.4105 75.4105 
35.0679 47.6483 54.4847 61.0687 65.3294 65.3816 64.5771 65.6292 63.5356 59.6404 78.3374 78.3374 
43.0567 59.4221 58.3341 59.2102 62.7898 65.0453 65.0799 65.4942 63.5356 60.5933 77.2584 77.2584 
38.4857 54.0859 53.9063 55.2776 65.2671 65.4193 65.0799 65.6292 62.9664 61.5428 85.664 85.664 
45.5223 55.935 58.43 61.0146 63.3795 66.3037 65.6501 65.4942 63.5356 59.8385 78.8152 78.8152 
47.2917 58.0271 59.1103 62.5285 64.4491 65.3816 65.5729 65.4942 63.6268 60.5933 71.3108 71.3108 
29.6064 57.1654 58.5328 59.9324 63.1251 67.2506 66.7009 66.6265 64.1038 61.5428 73.3416 73.3416 
 
40747 38360.4 26394.4 17397.9 9747.05 6622.41 3677.52 5378.92 3178.18 277.219 116.729 116.729 
55040.4 61650.8 43761.6 25232.9 9899.57 6069.86 3820.15 5293.13 3178.18 665.57 139.177 139.177 
71228.8 59038.1 60953.7 38487.2 19508.3 14682.7 8575.29 5286.29 3173.58 1915.1 762.059 762.059 
52688.6 99177.7 63832.1 40504.7 24289.9 14682.7 8717.96 5378.97 3146.87 1932.14 796.336 796.336 
52582.4 97492 65544.4 38223.7 23567.6 14732.6 8728.06 5308.83 3151.73 1925.32 770.999 770.999 
64646.5 97154.9 63001.6 40252.8 24230.7 14723.2 8826.79 5401.5 3151.73 1932.14 774.412 774.412 
81445.5 95605.5 66364.4 44199.1 23816.2 14646.2 8826.79 5308.83 3146.87 1939.4 592.233 592.233 
68987.8 105647 65991.9 40510.4 24248.1 14936.5 8838.4 5401.5 3151.73 1893.3 663.959 663.959 
57314.3 94302.5 67469.9 39267.2 24789.1 14732.6 8926.37 5401.5 3120.48 1932.14 813.475 813.475 
76519.5 95126.3 69743.4 42288.8 25749.5 15057.9 8951.8 5322.15 3156.86 1939.4 804.511 804.511 
