976.563 1953.13 3906.25 7812.5 15625 31250 62500 125000 250000 500000 1e+06 
33.4145 42.9419 45.1182 50.7563 53.6833 56.658 58.8709 60.3371 59.0141 58.9766 55.4532 55.4532 
39.5357 43.235 49.1229 50.9156 54.7459 56.658 58.9215 61.4852 59.7317 57.4786 53.5578 53.5578 
39.3264 42.7167 46.7027 51.3132 54.0973 56.6327 59.4464 60.495 59.2965 57.679 54.3863 54.3863 
32.1517 43.4756 46.9492 51.7118 54.6417 58.5806 59.5047 60.5745 60.551 57.8814 53.596 53.596 
35.6705 43.5659 49.342 52.1113 54.0973 57.6055 59.5047 60.6545 60.6305 57.8814 53.596 53.596 
36.6657 43.0869 47.7414 51.6097 55.1969 58.5798 60.0375 61.5765 60.0315 58.086 53.7697 53.7697 
38.6072 43.0825 49.7259 51.3887 55.2453 56.658 60.0375 59.6635 60.6305 58.7581 54.6138 54.6138 
37.0522 42.9419 46.9492 52.5116 54.7459 58.5806 60.6074 61.4852 61.1531 57.8814 54.1204 54.1204 
34.2476 45.0296 48.5391 51.537 55.8501 59.555 60.0375 61.4852 61.2366 58.9723 54.6138 54.6138 
32.9039 42.7818 46.3791 52.2521 55.3389 58.578 60.533 60.6545 60.551 57.8814 54.975 54.975 
 
102351 84172.2 55048.8 38501.4 25666.3 16288.6 10406.5 6562.63 3980.84 2420.42 1465.07 1465.07 
100758 83092 53885.8 37665.5 25098.3 16288.6 10218.9 6271.66 3882.57 2367.48 1446.96 1446.96 
110612 83419.1 54554.9 37614.8 24862.7 16016.5 10223.8 6362.07 3843.42 2332.06 1427.37 1427.37 
108045 77625.8 55316 37565.8 24580.1 15737.6 10036.8 6262.32 3751.09 2296.79 1406.75 1406.75 
116915 75816.8 54653.1 37518.3 24862.7 16011.1 10036.8 6162.94 3717.14 2296.79 1406.75 1406.75 
108631 74326.5 55085.5 38662.5 24299.6 16009.6 10042.3 6172.19 3746.02 2261.68 1394.85 1394.85 
97821.3 80512.1 52914.8 37876.3 24558.4 16288.6 10042.3 6254.23 3717.14 2305.16 1375.41 1375.41 
108192 84172.2 55316 37472.4 25098.3 15737.6 9955.12 6271.66 3722.43 2296.79 1371.14 1371.14 
121950 78517.2 54864.5 38400.2 24539 16011.9 10042.3 6271.66 3688.53 2270.01 1375.41 1375.41 
107076 81587.6 58852.6 38042.6 25077.1 16282.3 10141.9 6162.94 3751.09 2296.79 1351.81 1351.81 
