976.563 1953.13 3906.25 7812.5 15625 31250 62500 125000 250000 500000 1e+06 
-0.191913 0.100492 -0.18038 -0.120226 -0.0133651 0.21637 0.110677 0.420455 0.0291646 0.264358 0.499263 0.499263 
-0.559252 0.278023 0.361549 -0.120226 -0.201429 0.375518 0.312508 0.420455 0.0291646 -0.0396635 -0.0725786 -0.0725786 
0.191648 0.278023 -0.00239024 -0.120226 -0.0133651 -0.170874 -0.237093 0.420455 -0.0584955 -0.0189707 0.326204 0.326204 
-0.00137145 0.278023 0.361549 -0.120226 -0.0133651 0.0215621 -0.237093 0.281095 0.186205 -0.340746 0.101494 0.101494 
0.368558 0.278023 -0.00239024 -0.120226 -0.0133651 0.21637 -0.0367414 0.854 -0.0584955 -0.623137 0.101494 0.101494 
-0.191913 0.278023 0.187686 0.0538597 0.491755 0.375518 0.456066 0.556804 -0.0584955 -0.322534 -0.121218 -0.121218 
0.176282 0.643733 0.0104014 0.413586 -0.551413 0.0215621 -0.18716 0.0671422 0.0291646 -0.322534 0.101494 0.101494 
-0.373779 0.278023 0.532086 0.0701767 -0.0133651 0.0215621 -0.0367414 0.0671422 0.356178 -0.0396635 -0.0725786 -0.0725786 
0.176282 0.0104014 0.0701767 -0.0133651 0.0215621 -0.237093 0.0671422 0.0291646 -0.322534 -0.0725786 44.3254 44.3254 
0.176282 -0.0901281 -0.00239024 0.0701767 -0.0133651 0.375518 -0.0367414 0.0671422 0.0291646 -0.608366 -0.0725786 -0.0725786 
 
1204.19 1189.51 1195.35 1209.79 1203.93 1199.55 1213.12 1205.92 1206.27 1190.91 1174.31 1174.31 
1180.73 1201.2 1211.02 1209.79 1211.3 1211.13 1205.79 1205.92 1206.27 1196.78 1169.72 1169.72 
1188.69 1201.2 1207.02 1209.79 1203.93 1214.51 1208.89 1205.92 1194.27 1184.59 1166.15 1166.15 
1196.43 1201.2 1211.02 1209.79 1203.93 1207.03 1208.89 1194.01 1187.35 1202.67 1177.84 1177.84 
1200.46 1201.2 1207.02 1209.79 1203.93 1199.55 1201.54 1191.13 1194.27 1196.4 1177.84 1177.84 
1204.19 1201.2 1199.33 1221.5 1219.29 1211.13 1217.39 1217.84 1194.27 1190.48 1189.53 1189.53 
1208.2 1205.24 1187.65 1225.54 1207.37 1207.03 1189.97 1201.44 1206.27 1190.48 1177.84 1177.84 
1192.45 1201.2 1222.72 1202.09 1203.93 1207.03 1201.54 1201.44 1211.38 1196.78 1169.72 1169.72 
1208.2 1187.65 1202.09 1203.93 1207.03 1208.89 1201.44 1206.27 1190.48 1169.72 1220.58 1220.58 
1208.2 1197.22 1207.02 1202.09 1203.93 1211.13 1201.54 1201.44 1206.27 1184.23 1169.72 1169.72 
