976.563 1953.13 3906.25 7812.5 15625 31250 62500 125000 250000 500000 1e+06 
25.4673 24.8966 25.2034 28.1777 36.1834 41.6426 48.974 51.8467 50.3051 45.3874 39.4429 39.4429 
27.1147 27.7168 24.2008 28.0303 33.815 41.3576 48.4482 51.1401 49.6074 45.3874 40.4326 40.4326 
29.0116 27.9467 25.9417 26.9191 33.2357 41.3576 48.0914 51.1401 49.69 45.4738 38.6312 38.6312 
28.0201 27.6712 26.4219 28.0303 33.8135 41.9294 48.0045 50.5437 49.0095 45.5152 38.6932 38.6932 
28.1625 28.5065 25.6672 28.0303 33.2186 39.3606 47.2145 50.5437 49.0532 45.0156 38.7202 38.7202 
28.8137 29.6197 26.8046 28.4712 34.107 42.8037 47.2145 50.5437 48.3859 44.5249 38.6932 38.6932 
29.9127 28.4077 27.1911 28.9519 32.6327 41.3576 47.306 49.3957 48.1743 45.1012 38.7447 38.7447 
30.0511 30.1388 27.262 29.2488 32.6327 42.2123 46.5365 49.2793 48.1743 44.1401 37.9428 37.9428 
29.8269 30.7075 28.1243 29.4199 33.807 41.6426 46.3018 49.3957 48.3109 44.1869 37.176 37.176 
29.8427 29.599 28.2542 29.5409 33.1996 41.3576 45.9781 48.843 47.4799 43.364 38.02 38.02 
 
9342.78 11341.2 9791.41 8406.21 6616.92 5117.83 3397.68 2227.22 1430.36 968.531 556.112 556.112 
11746.8 11035.5 9824.32 8231.56 6919.95 5042.9 3376.33 2231.01 1441.62 968.531 565.344 565.344 
12612.2 11099.8 9698.29 7862.1 6783.44 5042.9 3407.56 2231.01 1460.11 987.442 594.301 594.301 
12569.8 11707.6 9543.22 8231.56 6748.78 4942.83 3381.41 2262.52 1471.53 996.915 613.325 613.325 
11503 11120.4 9635.33 8231.56 6612.4 5021.95 3418.19 2262.52 1480.77 1007.13 622.867 622.867 
12263.9 11164.8 9497.79 8471.99 6646.15 4918.6 3418.19 2262.52 1492.35 1017.41 613.325 613.325 
12483.8 11510.6 9452.77 8145.42 6647.76 5042.9 3444.28 2326.2 1521.29 1026.11 632.428 632.428 
12092.6 11470.3 10016.4 8211.74 6647.76 5017.97 3481.57 2298.84 1521.29 1046.72 651.881 651.881 
12309.3 11950.8 9819.26 8103.13 6406.69 5117.83 3539.43 2326.2 1549.06 1056.22 671.441 671.441 
13332.6 11446.6 9992.68 8278.29 6441.43 5042.9 3571.37 2358.35 1589.89 1096.07 680.73 680.73 
