976.563 1953.13 3906.25 7812.5 15625 31250 62500 125000 250000 500000 1e+06 
5.00522 11.1704 20.817 37.3901 55.6352 70.9147 77.3659 77.9073 73.2328 62.8023 42.8085 42.8085 
4.84049 11.4072 21.0643 37.3901 56.1949 69.7365 76.555 78.3287 72.7726 62.2928 43.6316 43.6316 
5.17129 10.9772 21.0643 37.1844 56.16 69.9022 76.7394 78.4627 73.0002 61.6818 43.6316 43.6316 
5.26106 11.4487 21.2721 37.1844 56.1949 69.9022 76.7394 78.3287 73.0002 62.8023 43.6316 43.6316 
5.09571 10.7392 21.025 37.5411 56.16 68.7341 76.7394 78.3287 74.0633 61.6818 42.8085 42.8085 
5.26106 11.3651 21.0643 37.0318 55.5956 69.7365 76.7394 77.9073 73.0002 62.2928 41.8802 41.8802 
5.00522 11.1704 20.817 37.9621 56.1949 69.9022 76.7394 78.3287 73.8214 61.7821 42.7463 42.7463 
5.26106 11.4072 20.817 37.3353 56.1949 69.7912 76.7394 77.9073 73.8214 62.2928 43.6316 43.6316 
4.93168 11.1704 21.2721 37.3901 56.16 70.9147 78.1873 78.7486 73.0002 62.398 42.8085 42.8085 
5.18497 11.1704 21.0643 37.2373 56.16 69.9022 77.3659 78.8849 72.7726 62.8023 42.7463 42.7463 
 
48558.1 48191.7 46056.2 39053.5 26905.6 15213.7 7979.86 4019.04 2021.53 1124.37 702.384 702.384 
48775.7 48355.3 45888.7 39053.5 26888.3 15436.3 8040.92 4028.32 2080.5 1122.28 703.206 703.206 
48340.9 48391.8 45888.7 39402.2 26625.7 15167.2 7953.62 3998.77 2050.97 1130.27 703.206 703.206 
48698.7 48718.6 46087.8 39402.2 26888.3 15167.2 7953.62 4028.32 2050.97 1124.37 703.206 703.206 
48915.8 48229.6 46254.7 39298.5 26625.7 15394.2 7953.62 4028.32 2030.01 1130.27 702.384 702.384 
48698.7 47992.2 45888.7 39157.7 26643.2 15436.3 7953.62 4019.04 2050.97 1122.28 721.873 721.873 
48558.1 48191.7 46056.2 38603.5 26888.3 15167.2 7953.62 4028.32 2059.39 1120.27 712.484 712.484 
48698.7 48355.3 46056.2 39647.1 26888.3 15346.5 7953.62 4019.04 2059.39 1122.28 703.206 703.206 
49133.4 48191.7 46087.8 39053.5 26625.7 15213.7 7920.18 4037.78 2050.97 1112.3 702.384 702.384 
49274 48191.7 45888.7 38808.9 26625.7 15167.2 7979.86 4008.27 2080.5 1124.37 712.484 712.484 
