976.563 1953.13 3906.25 7812.5 15625 31250 62500 125000 250000 500000 1e+06 
47.573 47.7539 52.3169 57.1904 61.2062 62.774 64.5095 63.9207 64.222 61.3281 59.1121 59.1121 
47.2923 49.918 55.982 57.0186 60.0912 62.5075 63.1237 63.2198 63.9842 62.0372 59.0741 59.0741 
48.6632 49.7065 52.575 58.3454 60.5418 62.8657 63.9361 64.3046 63.5249 60.291 58.3729 58.3729 
48.349 50.9897 55.0307 59.972 61.0099 62.9275 64.1164 63.0456 63.2847 61.27 57.9438 57.9438 
38.6655 50.2807 53.2907 56.7632 60.1176 62.9275 63.3179 64.0395 63.1318 60.7472 58.0942 58.0942 
44.3862 50.9571 52.0802 58.2012 60.5777 62.99 64.3002 64.8074 63.227 61.2121 57.0278 57.0278 
39.2866 51.5709 52.7504 57.4276 62.418 63.1169 64.4249 65.9879 63.4191 61.2121 58.0453 58.0453 
42.7376 51.3256 54.9211 59.8664 61.0336 63.0531 64.9294 64.1611 63.9678 60.2114 57.3501 57.3501 
45.9854 50.2234 56.5643 57.5088 61.0415 63.0531 64.9294 64.2838 63.516 60.6671 57.9318 57.9318 
45.5378 50.3537 54.4899 58.1266 61.5004 63.1169 64.4879 64.4078 64.1684 60.6671 58.6367 58.6367 
 
204993 171181 111243 72403.8 42264.4 26162.3 15432.6 9322.81 5460.75 3274.01 1872.63 1872.63 
152435 143785 91789 61822.3 37987.9 24042.5 14333.8 8627.24 5057.1 3026.65 1775.8 1775.8 
206256 137260 94749.5 58239.8 36592 22281.9 13643.4 8321.01 4892.36 2913.93 1688.26 1688.26 
178243 135209 88590 57265.9 35484.7 21991.5 13344.3 8073.66 4810.93 2887.68 1682.52 1682.52 
192565 135807 88290.3 59254.4 35201.6 21991.5 13217.9 7877.77 4693.84 2838.33 1639.21 1639.21 
184663 129613 87850 56542.1 34651.6 21701.9 13046.9 7894.92 4657.63 2763.44 1640.69 1640.69 
174223 128214 88482.6 57467.1 34402.1 21125.1 12849.5 7597.68 4585.47 2763.44 1608.76 1608.76 
181081 129328 87753.4 55571.1 34655.5 21413.1 12765.5 7772.31 4557.35 2789.62 1585.56 1585.56 
188339 130199 87276.7 58316.5 34379.9 21413.1 12765.5 7667.25 4549.53 2715.16 1548.63 1548.63 
179493 131030 88761.7 55696.8 34385.5 21125.1 12751.1 7562.58 4485.7 2715.16 1571.66 1571.66 
