976.563 1953.13 3906.25 7812.5 15625 31250 62500 125000 250000 500000 1e+06 
25.4927 37.9014 44.3646 49.8129 53.594 56.3487 58.3006 59.6613 57.622 55.4084 50.5986 50.5986 
28.3545 38.6192 45.0606 51.0448 53.7691 57.2026 58.9631 59.6252 58.3069 55.7529 50.5986 50.5986 
30.1402 38.6065 46.3886 52.1554 55.3024 57.62 58.9631 60.4058 59.5709 55.5797 51.166 51.166 
31.1519 40.9429 47.4539 51.8358 56.072 58.4623 59.6121 60.3836 59.5709 58.0668 51.3244 51.3244 
29.4414 41.1788 47.5505 52.5924 55.4329 58.475 60.2785 60.3836 60.2023 55.7529 51.166 51.166 
32.7471 40.771 48.2493 53.4941 56.938 58.4809 59.6121 61.1682 60.3529 56.8084 51.484 51.484 
30.2052 42.0394 48.5722 54.0628 56.2387 58.4867 60.3092 60.3836 60.2773 56.8084 50.5986 50.5986 
33.177 42.9522 49.4077 54.1352 56.9834 58.8888 60.2479 60.3836 59.502 56.8084 50.1802 50.1802 
33.019 42.5868 48.9747 53.7225 57.6927 59.7049 60.2174 61.1419 60.8331 57.8614 52.0586 52.0586 
33.0533 41.8868 49.8913 53.869 57.7649 59.2981 60.2174 61.0894 60.8331 56.6205 50.0302 50.0302 
 
66888.8 54248.2 40339.8 28168.5 18211 11848.5 7479.1 4670.81 2927.19 1852.24 1131.76 1131.76 
75371.2 57398.5 41801.5 28568.7 18709.4 11928 7569.72 4733.39 2897.99 1786.08 1131.76 1131.76 
78657.2 60920.4 42299.2 28726.8 18659.7 11925.2 7569.72 4705.39 2904.44 1819.09 1134.84 1134.84 
80663.5 60618.5 43137.7 29281.7 18639.3 12008.3 7661.49 4736.72 2904.44 1764.98 1123.62 1123.62 
77333.8 63104.6 43385.7 30001.4 19161.2 12182.6 7665.14 4736.72 2908.08 1786.08 1134.84 1134.84 
84061.1 65931.5 44309.3 29661.3 19124.6 12269.9 7661.49 4709.38 2844.16 1791.75 1112.44 1112.44 
81604.3 65281 44239.7 29878.3 19393 12357.3 7576.07 4736.72 2876.09 1791.75 1131.76 1131.76 
89559.7 65699.1 45675.1 30135 19376.5 12268.9 7754.38 4736.72 2936.49 1791.75 1117.57 1117.57 
93713.6 66742.1 47385.7 30430.4 19110.7 12268.6 7843.76 4740.73 2912.02 1797.91 1115.6 1115.6 
84748.3 68843.1 47186.4 30944.5 19615.3 12443.4 7843.76 4803.53 2912.02 1824.79 1128.77 1128.77 
