976.563 1953.13 3906.25 7812.5 15625 31250 62500 125000 250000 500000 1e+06 
4.95454 10.2233 20.4694 36.3525 55.2252 69.4884 76.7166 78.1389 74.2254 63.5378 46.1433 46.1433 
4.95454 10.2233 20.4694 36.3525 55.2252 69.4884 76.7166 78.1389 74.2254 63.5378 46.1433 46.1433 
4.95454 10.2233 20.4694 36.3525 55.2252 69.4884 76.7166 78.1389 74.2254 63.5378 46.1433 46.1433 
4.95454 10.2233 20.4694 36.3525 55.2252 69.4884 76.7166 78.1389 74.2254 63.5378 46.1433 46.1433 
4.95454 10.2233 20.4694 36.3525 55.2252 69.4884 76.7166 78.1389 74.2254 63.5378 46.1433 46.1433 
4.95454 10.2233 20.4694 36.3525 55.2252 69.4884 76.7166 78.1389 74.2254 63.5378 46.1433 46.1433 
4.95454 10.2233 20.4694 36.3525 55.2252 69.4884 76.7166 78.1389 74.2254 63.5378 46.1433 46.1433 
4.95454 10.2233 20.4694 36.3525 55.2252 69.4884 76.7166 78.1389 74.2254 63.5378 46.1433 46.1433 
4.95454 10.2233 20.4694 36.3525 55.2252 69.4884 76.7166 78.1389 74.2254 63.5378 46.1433 46.1433 
4.95454 10.2233 20.4694 36.3525 55.2252 69.4884 76.7166 78.1389 74.2254 63.5378 46.1433 46.1433 
