976.563 1953.13 3906.25 7812.5 15625 31250 62500 125000 250000 500000 1e+06 
0.392173 1.65215 3.59636 6.68902 12.8735 24.7715 41.5168 59.9242 71.116 74.3566 70.1883 70.1883 
0.392173 1.82586 3.59636 6.42801 13.168 24.3517 41.678 59.9242 70.4479 74.9326 71.3157 71.3157 
0.392173 1.82586 3.21143 6.42801 12.8569 25.1952 41.5168 60.3145 70.4479 74.9326 70.1883 70.1883 
0.392173 1.82586 3.21143 6.31749 13.168 24.9216 41.5168 59.9242 70.2848 74.7671 69.4252 69.4252 
1.00587 2.21715 3.21143 6.79494 12.5493 24.9216 41.9985 59.5518 71.2882 74.3566 70.944 70.944 
0.605216 2.21715 3.21143 6.42801 13.1815 24.9216 41.5168 59.9084 70.4479 74.3566 70.944 70.944 
0.790825 1.82586 3.05688 6.68902 12.8569 24.7715 41.678 59.9242 71.116 75.1 71.695 71.695 
0.392173 2.21715 3.44666 6.68902 12.5289 24.2172 41.9985 60.3145 70.4479 75.3434 70.1883 70.1883 
1.00587 1.82586 3.21143 6.79494 12.8569 24.3517 41.9985 59.9242 70.4479 74.7671 70.5531 70.5531 
0.790825 1.65215 3.59636 6.42801 13.168 24.4964 41.5168 59.9242 71.116 75.5129 70.944 70.944 
 
9915.86 9796.36 9911.9 9872.59 9787.68 9066.42 7270.32 4647.67 2559.48 1336.28 701.341 701.341 
9915.86 9902.39 9911.9 9936.41 9625.28 9109.85 7351.5 4647.67 2552 1330.53 696.573 696.573 
9915.86 9902.39 9871.42 9936.41 9680.28 9023.42 7270.32 4618.83 2552 1330.53 701.341 701.341 
9915.86 9902.39 9871.42 9827.54 9625.28 8956.5 7270.32 4647.67 2581.85 1340.1 696.976 696.976 
9883.79 9940.82 9871.42 9981.6 9735.53 8956.5 7168.73 4646.47 2529.73 1336.28 705.818 705.818 
9846.68 9940.82 9871.42 9936.41 9732.71 8956.5 7270.32 4677.89 2552 1336.28 705.818 705.818 
9952.71 9902.39 9764.62 9872.59 9680.28 9066.42 7351.5 4647.67 2559.48 1320.98 687.369 687.369 
9915.86 9940.82 9804.91 9872.59 9628.19 8933.48 7168.73 4618.83 2552 1334.42 701.341 701.341 
9883.79 9902.39 9871.42 9981.6 9680.28 9109.85 7168.73 4647.67 2552 1340.1 692.065 692.065 
9952.71 9796.36 9911.9 9936.41 9625.28 8999.81 7270.32 4647.67 2559.48 1324.89 705.818 705.818 
