976.563 1953.13 3906.25 7812.5 15625 31250 62500 125000 250000 500000 1e+06 
36.965 43.2214 48.4443 52.1784 55.47 57.6704 60.2778 61.326 59.883 58.8838 55.8472 55.8472 
39.0425 44.2007 50.0711 52.9 55.3977 58.5418 59.9918 61.6082 60.3518 59.5345 54.5649 54.5649 
39.0136 46.2639 50.2478 54.3025 57.993 59.4184 61.1112 60.8648 61.1546 57.1223 55.0086 55.0086 
39.4811 45.7935 50.5758 54.2518 56.9229 59.4184 61.1112 60.9516 61.8113 59.379 54.9081 54.9081 
37.3976 46.0622 51.0866 54.3527 57.4577 60.3548 61.1535 61.8969 61.4079 58.7627 54.2666 54.2666 
38.8456 45.8813 49.759 54.3527 58.501 60.3548 62.2358 61.9947 61.4079 59.8214 55.2704 55.2704 
42.5545 46.519 50.7442 55.0997 58.515 59.437 61.7839 61.8969 61.9878 57.9242 56.1108 56.1108 
37.621 46.869 51.4306 54.7981 57.993 60.3252 62.2857 62.8616 62.1664 58.9766 54.981 54.981 
40.0463 47.2665 51.4306 55.2692 59.0457 61.2545 61.196 61.127 61.5792 58.7627 54.981 54.981 
40.705 46.519 49.3963 55.7565 58.515 60.3252 62.2857 62.9703 62.1664 59.1927 54.5077 54.5077 
 
129621 97614.9 69205.3 47115.3 29569.8 19332.1 12054.7 7401.42 4494.46 2731.16 1685.58 1685.58 
128868 95071.8 66967.3 43969.6 29037.6 18213.3 11564.3 7091.71 4281.46 2620.49 1597.05 1597.05 
134016 94590 67758.9 43804.1 28437.1 18217.5 11196.5 6978.11 4147.08 2592.04 1530.55 1530.55 
132362 94894.9 65971.8 43535.3 28458.8 18217.5 11196.5 6876.09 4083.5 2501.58 1501.39 1501.39 
136310 98321.6 68350.7 44073.1 28446.9 17668.8 11101.1 6785.38 4042.63 2456.24 1508.88 1508.88 
128108 97540.3 68762 44073.1 27898.3 17668.8 10928.5 6684.02 4042.63 2429.71 1477.14 1477.14 
132491 98015.9 63407.1 44268.8 28163.7 17939.1 10824.4 6785.38 4014.09 2447.32 1457.75 1457.75 
142302 99585.3 66567 44574.7 28437.1 17946.6 10833.5 6696.07 3945.01 2420.42 1460.42 1460.42 
134667 96636.7 66567 43156.5 27892.4 17679.7 11005.9 6673.15 3973.42 2456.24 1460.42 1460.42 
133801 98015.9 67179.9 43930.9 28163.7 17946.6 10833.5 6595.01 3945.01 2384.76 1455.85 1455.85 
