976.563 1953.13 3906.25 7812.5 15625 31250 62500 125000 250000 500000 1e+06 
18.1083 26.8844 34.8406 41.2785 48.3117 52.9988 55.3603 56.742 56.8686 54.0589 48.0094 48.0094 
20.3204 29.3837 37.7281 44.6008 49.5282 54.0781 55.383 57.6074 56.0994 53.9988 47.693 47.693 
21.91 29.9152 38.9527 45.3552 50.6796 54.6135 56.9115 57.1622 56.8686 53.6052 47.693 47.693 
22.8431 31.2765 38.8667 46.2403 50.6796 55.0887 57.6824 58.0288 56.8686 54.0589 47.0663 47.0663 
24.1174 31.9242 39.8562 46.3788 50.907 55.1112 56.9115 58.896 57.5228 54.3921 46.9146 46.9146 
24.1285 32.3661 40.6635 47.8018 52.5486 56.0715 56.9048 58.4798 56.8111 54.8496 47.5362 47.5362 
25.2413 33.2004 40.4183 47.9216 53.5066 56.0715 58.4295 58.014 57.5228 54.0589 47.5362 47.5362 
24.3332 32.2015 40.951 47.5901 51.8666 56.5297 58.4538 58.4448 56.7537 54.8496 47.0663 47.0663 
24.5769 32.9839 41.9498 47.9216 52.6367 56.5527 57.6669 58.9162 56.8111 54.4544 47.5362 47.5362 
27.7999 34.1495 41.6994 48.1539 52.7217 56.5527 58.4295 58.896 57.5873 54.8496 48.4816 48.4816 
 
42331.3 35967.8 28352.4 21912.6 14828.2 9923.3 6472.63 4063.58 2553.45 1603.03 1019.77 1019.77 
45587.1 40266.1 31107.7 22811.9 15269.2 10166 6648.66 4095.99 2583.09 1614.1 1042.5 1042.5 
50058.4 42261.5 32135.9 22988.7 15718.4 10331.9 6559.99 4126.42 2553.45 1612.44 1042.5 1042.5 
54864.1 43046.8 32673.9 23410.6 15718.4 10327.4 6561.22 4128.15 2553.45 1603.03 1039.69 1039.69 
53321.8 44409.5 33491.3 23651.8 16204.7 10413.2 6559.99 4130.67 2588.28 1615.82 1051.08 1051.08 
54508 45036.4 34091.4 24029.1 15904.8 10492.3 6648.29 4098.09 2585.52 1606.52 1053.91 1053.91 
53132.6 45765.2 34401.3 24272.6 16126.6 10492.3 6651.95 4159.41 2588.28 1603.03 1053.91 1053.91 
55550.9 47284.1 35315.9 24810.5 16419.7 10403.9 6563.48 4160.59 2617.68 1606.52 1039.69 1039.69 
58636.8 47478.5 34851.7 24272.6 16149.3 10576 6649.62 4099.43 2585.52 1604.74 1053.91 1053.91 
56636.3 48856.1 35927.1 24760.3 16394.2 10576 6651.95 4130.67 2556.17 1606.52 1034.02 1034.02 
