976.563 1953.13 3906.25 7812.5 15625 31250 62500 125000 250000 500000 1e+06 
25.4869 27.14 27.2785 30.753 24.0025 26.3127 38.0368 51.2056 -94.6012 112.105 -121.428 -121.428 
23.7777 27.6008 27.9013 30.4562 35.6109 41.7786 46.8836 54.7188 -88.9094 61.402 21.7468 21.7468 
19.5714 28.847 27.4905 33.944 34.838 42.7712 48.1958 54.7575 59.931 48.9193 48.2225 48.2225 
20.0535 29.0863 26.9387 30.2303 34.838 42.7712 48.8382 55.6032 57.7865 50.8525 48.2225 48.2225 
17.6125 27.5938 27.2331 25.4407 33.7662 42.5167 49.4715 55.5239 55.8296 61.4152 53.3206 53.3206 
22.3029 26.1392 27.8496 33.239 36.2429 42.1598 49.9129 55.6028 56.5008 66.647 61.1327 61.1327 
17.299 26.3049 27.1911 27.7325 36.2429 43.2566 49.7228 54.7384 55.873 86.5871 62.2257 62.2257 
18.8047 25.4316 32.8013 31.6496 36.3069 44.0671 50.3638 55.5879 55.8515 81.1162 62.2257 62.2257 
17.9195 22.6737 29.4411 29.8727 39.3278 43.4579 49.2758 55.2463 55.8515 82.3978 78.6766 78.6766 
18.5011 24.4386 25.9151 31.3807 36.4295 43.7064 49.8188 55.6312 55.873 85.7637 74.9274 74.9274 
 
6096.58 8719.64 8108.45 7345.19 2379.85 2168.37 2341.64 1868.09 1211.49 30.7274 101.301 101.301 
6743.26 8956.07 8236.98 7736.62 5213.17 3756.26 2716.51 1909.48 583.646 164.298 37.8339 37.8339 
9758.75 9668.69 8562.94 6761.25 5416.63 3872.09 2757.06 2242.96 197.667 242.915 68.0698 68.0698 
9151.56 10297 8716.57 7386.06 5416.63 3872.09 2777.88 3290.24 2112.2 233.506 68.0698 68.0698 
10417.9 9909.23 8780.49 7715.85 5552.89 3987.85 2799.05 3842.88 2707.38 386.629 94.3479 94.3479 
10175.9 10091.2 9472.66 8419.74 5522.15 3996.06 2768.41 3989.61 2678.18 476.126 114.396 114.396 
10029.9 10263.4 9452.77 8449.86 5522.15 3889.1 2716.34 3962.68 2646.72 462.416 105.953 105.953 
10642.3 10184.6 8976.78 8642.5 5351.59 3981.63 2737.93 3960.21 2677.02 551.263 105.953 105.953 
10362.7 9463.27 9299.9 8804.25 5643.57 4021.92 2747.03 4108.54 2677.02 834.317 119.427 119.427 
10696.6 10717.8 10089.1 9669.8 5933.1 3989.19 2742.36 4048.51 2646.72 750.452 115.231 115.231 
