976.563 1953.13 3906.25 7812.5 15625 31250 62500 125000 250000 500000 1e+06 
25.1247 25.7723 25.2637 27.2855 33.552 42.9071 49.4665 53.5066 50.9565 47.5773 41.8862 41.8862 
26.5068 26.3763 25.336 27.98 33.3302 42.2425 49.0189 53.0026 51.8925 47.5957 41.746 41.746 
26.731 27.1474 26.0363 28.2091 33.997 42.4464 49.4129 53.0026 50.9565 47.145 41.0238 41.0238 
26.9023 27.9036 26.2411 28.5593 33.997 41.7929 49.075 52.5082 50.2231 46.7091 41.746 41.746 
27.2805 28.5625 27.5007 28.6591 33.7776 41.7929 49.0189 51.4169 50.9565 46.723 41.8175 41.8175 
27.8796 29.886 27.8922 29.1364 34.2285 41.7929 48.7378 51.9618 50.2924 46.7362 40.9947 40.9947 
27.8187 29.6322 28.2743 29.7379 34.6114 41.7641 49.5978 51.671 51.1396 46.7724 40.0463 40.0463 
27.8602 29.0708 28.7293 29.7379 34.4059 42.395 47.857 52.2653 51.5971 47.2812 40.2249 40.2249 
26.0399 28.636 27.8559 29.3758 33.6873 41.634 48.059 51.2007 50.1971 47.2862 40.6672 40.6672 
27.1335 28.0471 28.2592 29.3332 33.6764 41.8049 48.2006 51.7056 50.9699 46.9071 40.6183 40.6183 
 
13532.4 14716.5 12810.7 10876.1 8911.25 6578.6 4565.53 2896.81 1854.45 1226.84 749.553 749.553 
15715.7 14796.3 12701.1 10788.6 8842.39 6601.96 4516.31 2927.72 1881.18 1246.44 789.207 789.207 
14994.5 14941.6 12781.1 10854.6 8877.27 6678.33 4538.73 2927.72 1854.45 1246.66 788.759 788.759 
13708 15089.6 12844.6 10811.6 8877.27 6702.22 4543.07 2958.83 1913.87 1256.75 789.207 789.207 
13835.9 15066.6 12837.8 10987.1 8808.14 6702.22 4516.31 2965.22 1854.45 1266.55 769.342 769.342 
13353.9 15026.6 12967.3 10835.8 8774.4 6702.22 4547.56 2961.91 1942.51 1276.37 798.704 798.704 
17753 16371.1 13662.5 11321.6 9257.91 6955.2 4811.65 3078.13 1940.4 1305.9 888.566 888.566 
18602.3 17411.1 13684.8 11321.6 9188.28 6931.35 4919.18 3391.21 2230.52 1455.02 1012 1012 
21368.3 18908.8 15337.3 12855.4 10533.1 7971.21 5499.34 3601.05 2292.44 1515.48 1044.02 1044.02 
21942 19039.8 15641.8 13140.7 10706.1 8048.21 5580.7 3626.74 2320.04 1535.73 1054.46 1054.46 
