976.563 1953.13 3906.25 7812.5 15625 31250 62500 125000 250000 500000 1e+06 
28.8145 38.2697 44.5429 50.2697 54.2408 56.9952 58.8191 60.3572 59.0309 57.0682 51.8625 51.8625 
33.2447 39.5454 46.2147 51.5014 54.8906 57.3784 58.8191 60.4279 60.3634 54.9053 51.3222 51.3222 
31.2242 40.1817 46.6041 51.5014 55.0201 57.3889 59.4427 60.4279 59.7637 58.0632 52.356 52.356 
31.3966 39.5238 47.8016 52.0576 55.0201 58.1457 60.0662 60.4279 60.4402 57.2625 52.1903 52.1903 
30.21 41.7579 46.2664 52.1414 55.7294 58.1518 59.4427 61.4853 61.0442 57.2625 52.356 52.356 
35.5294 43.4791 48.4657 52.6071 55.0823 58.1576 60.0362 60.3572 60.9625 57.2625 52.356 52.356 
32.1423 42.4158 48.5703 53.1501 55.8373 58.9155 60.0362 61.4853 61.0442 57.2625 52.356 52.356 
32.3246 41.28 48.5703 52.9179 56.5776 59.2976 60.6897 61.5432 60.9625 58.481 52.5229 52.5229 
30.4618 43.0177 48.5703 53.827 56.533 58.9183 61.2717 61.4853 60.3634 54.9053 52.6911 52.6911 
34.9476 43.7355 50.3493 53.8957 57.23 59.2961 60.6897 60.3572 60.9625 58.481 52.5229 52.5229 
 
63966.4 58452 44667.5 30499.8 20214.5 13154.8 8286.01 5277.14 3162.93 1931.05 1212.63 1212.63 
80661 64830.1 45327.3 31163.2 19938.1 13152.1 8286.01 5181.33 3105.62 1952.53 1209.23 1209.23 
86591.3 64488.4 46320.3 31163.2 20442.9 13240.2 8289.12 5181.33 3101.61 1937.79 1178.5 1178.5 
88423.4 66612 46843.9 31371.9 20442.9 13148.3 8293.05 5181.33 3073.17 1897.55 1189.85 1189.85 
88702.2 64553.4 48048.7 31628.5 20421.7 13236.4 8289.12 5188.46 3077.44 1897.55 1178.5 1178.5 
84394 67168.6 45878.9 31583.5 20695.9 13324.6 8383.38 5277.14 3109.9 1897.55 1178.5 1178.5 
88639.2 70311 49105.8 31797.8 20928.7 13234.7 8383.38 5188.46 3077.44 1897.55 1178.5 1178.5 
96505.6 69170.1 49105.8 32613.9 21165.2 13234.5 8297.82 5124.67 3109.9 1870.87 1167.18 1167.18 
93547.8 69995.7 49105.8 32531.6 20910.9 13411.3 8393.8 5188.46 3105.62 1952.53 1155.89 1155.89 
82993.7 67906.2 48705.3 32790.4 20895.8 13411.2 8297.82 5277.14 3109.9 1870.87 1167.18 1167.18 
