976.563 1953.13 3906.25 7812.5 15625 31250 62500 125000 250000 500000 1e+06 
40.1245 48.8032 56.2038 62.2866 64.8997 65.418 66.2199 66.4499 63.6861 59.8448 60.9218 60.9218 
45.8501 54.4742 58.9556 62.5885 65.522 65.0631 66.9166 65.8922 64.3943 59.6429 60.2415 60.2415 
0 0 0 0 0 0 0 0 0 0 0 0 
38.5653 52.8395 58.8183 59.5122 61.2664 64.5547 63.9154 64.9092 63.1658 60.8827 64.0817 64.0817 
31.6513 52.4844 55.9302 59.9162 61.8651 64.9222 65.1563 65.2694 63.7806 60.6661 60.9356 60.9356 
0 0 0 0 0 0 0 0 0 0 0 0 
44.1254 55.5077 55.1312 62.3264 63.1969 64.0593 65.1563 65.2247 62.55 59.6429 60.7006 60.7006 
44.5398 52.1825 58.8434 59.5423 63.7003 64.7783 65.0058 65.2247 63.0766 59.6429 59.3398 59.3398 
54.9381 50.3379 57.5146 61.4977 66.0721 65.4961 64.3972 65.9888 64.3943 60.8827 61.3935 61.3935 
49.52 51.8434 62.5789 59.9252 65.0207 66.1695 66.2199 66.1366 64.2944 59.6429 60.6914 60.6914 
 
91280 92573.4 61636.3 36723.3 22798.4 13861.9 8226.27 4788.86 2898.52 1728.61 842.218 842.218 
70362.9 94790.9 60739.4 38251.8 22823.3 13852.8 8152.04 4906.21 2872.65 1760.04 838.857 838.857 
0 0 0 0 0 0 0 0 0 0 0 0 
70769.4 81092.4 56279.2 35947 21464 13321.9 8009.8 4833.75 2863.13 1734.99 780.348 780.348 
102902 82642.3 57930.6 36196.9 21967.9 13330.2 8029.52 4837.46 2867.75 1766.42 809.025 809.025 
0 0 0 0 0 0 0 0 0 0 0 0 
148826 82096.9 57256.4 35965.5 21748.6 13656.6 8029.52 4867.87 2858.79 1760.04 818.942 818.942 
82099.2 89363.3 57021.1 37714.3 22508.1 13672.6 8203.4 4867.87 2893.91 1760.04 845.611 845.611 
65949.1 89852.6 60056.1 36709.6 23098.4 13690.4 8193.18 4845.37 2872.65 1734.99 822.328 822.328 
108254 95381.1 57012.3 37459.7 22303.4 13795.9 8226.27 4754.34 2903.42 1760.04 852.205 852.205 
