976.563 1953.13 3906.25 7812.5 15625 31250 62500 125000 250000 500000 1e+06 
39.4619 46.869 50.279 53.3242 57.58 61.1321 61.8951 62.5419 62.0297 58.1339 55.0887 55.0887 
40.2846 48.5603 52.9527 55.16 58.0104 60.2657 62.5759 61.7999 61.8113 59.8214 55.7389 55.7389 
42.4114 48.3986 53.7769 55.0277 57.993 61.2545 62.6282 62.8616 61.8993 59.8214 55.1623 55.1623 
43.1363 48.5603 52.4263 55.5363 57.993 61.2545 62.6808 62.8616 62.5738 60.0463 55.3448 55.3448 
42.2007 49.171 51.0866 55.4929 60.1379 61.2135 62.7338 63.7273 62.6666 60.0463 54.5645 54.5645 
41.2764 49.0348 51.2508 55.9237 59.0649 61.2135 62.6808 62.0934 62.5738 58.9766 54.0808 54.0808 
43.1686 49.0348 52.2202 55.6216 58.542 61.2135 63.6688 63.7273 62.76 58.1295 56.0868 56.0868 
45.5061 49.0348 53.9153 56.3077 59.0649 61.1727 63.7888 63.846 62.6666 60.0463 55.7133 55.7133 
43.0655 48.9043 54.7172 57.1678 59.074 62.989 63.2314 64.5916 62.76 61.1335 55.8994 55.8994 
44.8829 49.7823 52.2202 57.0654 59.6013 62.1015 63.175 62.7539 63.2627 60.0463 55.8994 55.8994 
 
150043 99585.3 71148.7 47793.4 30048.2 18516 11597.9 7001.49 4194.65 2564.67 1489.25 1489.25 
151935 100291 66996.4 46742.4 28703.1 18504.7 11224.2 6887.12 4083.5 2429.71 1481.88 1481.88 
135649 99499.1 67625.8 45927.5 28437.1 17679.7 11128.7 6696.07 4048.75 2429.71 1448.39 1448.39 
144761 100291 67971.9 44774.5 28437.1 17679.7 11033.4 6696.07 3985.83 2394.01 1436.38 1436.38 
146026 100806 68350.7 44504.2 28418.7 17957.7 10938.3 6709.31 3951.31 2394.01 1415.42 1415.42 
147328 102673 69147.1 45012.3 28423.7 17957.7 11033.4 6583.02 3985.83 2420.42 1411.04 1411.04 
148774 102673 70555.2 45316 28695.5 17957.7 11055.1 6709.31 3916.88 2411.54 1388.7 1388.7 
144742 102673 68426.7 45251.9 28423.7 18236.4 10865 6608.19 3951.31 2394.01 1412.48 1412.48 
154041 104548 69070.3 46554.1 28690 17990.4 10948.8 6723.72 3916.88 2368.11 1400.58 1400.58 
141547 103994 70555.2 45736.9 28420.2 17972.3 11043.9 6797.5 3923.41 2394.01 1400.58 1400.58 
