976.563 1953.13 3906.25 7812.5 15625 31250 62500 125000 250000 500000 1e+06 
20.511 21.1737 22.0039 24.6575 29.0512 36.3848 42.8143 48.8607 51.3154 51.7422 47.8796 47.8796 
19.9354 22.156 22.378 25.025 29.8729 37.1484 42.6215 48.8607 51.3154 52.1064 48.4561 48.4561 
20.9822 21.3369 22.3381 25.8424 29.8729 36.605 43.4152 48.8077 53.3364 50.552 47.8796 47.8796 
20.2845 21.6279 22.4592 25.3786 29.9265 37.0332 42.8143 49.3318 51.975 52.1461 48.013 48.013 
20.3683 21.3998 22.616 25.8854 30.4685 37.2415 43.5992 49.7517 51.9853 50.552 48.4561 48.4561 
20.9136 21.3533 22.8108 25.4301 31.299 37.4459 45.0189 49.7517 51.3252 51.8181 48.013 48.013 
18.8821 21.1542 22.7693 25.719 30.9254 38.1088 44.2143 49.7047 51.9889 52.5121 47.8796 47.8796 
19.7251 21.176 22.3043 26.01 30.9254 37.7736 43.778 49.7047 52.6581 52.5121 48.1471 48.1471 
19.8483 21.3304 22.5758 26.2163 30.7584 37.4459 43.5992 50.128 52.6581 52.6372 47.8796 47.8796 
20.3818 21.0904 22.6879 26.047 30.9254 37.9744 45.1848 49.7047 52.6581 52.9651 47.8796 47.8796 
 
18466 16331.2 14248.8 12291.3 10223.4 7973.8 6014.31 4055.63 2663.2 1703 1106.57 1106.57 
18861.6 16407 14485.3 12534.5 10320 8019.43 5932.32 4055.63 2663.2 1704.15 1109.18 1109.18 
18875.9 16505.3 14598.7 12504.9 10320 8049.76 5912.55 4025.85 2631.86 1732.34 1106.57 1106.57 
18865.7 16968 14887.4 12778.5 10496.1 8202.24 6014.31 4081.87 2600.68 1693.33 1095.44 1095.44 
19615.4 17135.3 15062.9 12796.8 10349.8 8278.77 5994.85 4078.46 2662.86 1732.34 1109.18 1109.18 
19335.5 17363.3 15125.1 13070.5 10626.6 8355.48 5875.99 4078.46 2694.35 1681.38 1095.44 1095.44 
18968.3 17416.9 15238.6 13023.1 10664.3 8143.36 5893.77 4048.56 2694.06 1694.53 1106.57 1106.57 
19262.3 17302.9 15341.6 12976 10664.3 8249.28 6077.36 4048.56 2631.65 1694.53 1084.34 1084.34 
19782 17477.3 15176.4 13042.2 10771.6 8355.48 5994.85 4045.29 2631.65 1662.13 1106.57 1106.57 
19500.4 17759.3 15465.7 13268.4 10664.3 8326.26 5958.86 4048.56 2631.65 1674.16 1106.57 1106.57 
