976.563 1953.13 3906.25 7812.5 15625 31250 62500 125000 250000 500000 1e+06 
23.4941 36.5081 44.1072 51.5068 54.482 59.0759 58.6196 59.7872 58.3572 54.9865 50.2237 50.2237 
28.8715 39.0736 45.4331 52.9316 57.2961 59.4689 59.3006 59.8167 58.4352 54.3506 50.2237 50.2237 
27.1475 39.3777 47.7215 52.6771 57.3031 59.4408 59.9938 59.8167 59.1394 55.3978 49.8397 49.8397 
28.5421 41.2595 49.4124 54.42 57.3031 59.8456 59.9938 60.6278 58.5134 55.3978 50.5856 50.5856 
32.4008 42.1964 48.5644 53.6073 58.0014 60.627 60.6464 60.9683 59.2233 55.6065 49.2742 49.2742 
29.6991 42.1837 48.226 54.5277 58.6916 60.2363 61.2988 60.5943 59.9437 57.9621 49.4476 49.4476 
29.3403 40.9215 49.5641 55.3805 58.7002 60.6061 61.3578 61.3795 58.5921 55.3978 50.1957 50.1957 
33.6259 42.5535 49.5641 55.0307 59.3833 60.9945 61.2988 61.4169 59.2233 55.6065 50.952 50.952 
33.4914 42.3379 49.1857 55.0906 59.3833 60.9945 61.2988 61.3795 59.854 55.6065 49.6221 49.6221 
33.4723 43.7611 49.9916 56.3596 58.6733 61.3576 62.602 61.7551 59.854 55.3978 51.137 51.137 
 
77813.5 62127 46663.5 31633.4 20603.1 12939.9 8186.67 5031.66 3124.83 1971.78 1220.89 1220.89 
86425.7 67208.9 47907.7 31795.8 20570.5 12942.8 8100.46 4999.17 3091.28 1895.32 1220.89 1220.89 
94149.8 70186.8 49748.4 32838.2 20824 13120.5 8015.17 4999.17 3062.15 1901.97 1205.2 1205.2 
97776 70127.4 49462.5 32486.1 20824 13035.1 8015.17 4939.75 3057.82 1901.97 1197.09 1197.09 
91557.1 71279.3 49600.5 33040.8 20823 13043.6 8022.1 4975.16 3028.76 1867.33 1201.52 1201.52 
94055 73590.4 51942.9 33251.7 21078.9 13039.1 8029.91 4972.18 3000.02 1847.42 1189.67 1189.67 
98623.3 73364.2 50197.3 32958.9 20824.7 13132.5 7938.6 4945.86 3024.45 1901.97 1181.5 1181.5 
93770.9 72670.3 50197.3 33744.3 21083.5 13137.6 8029.91 4913.45 3028.76 1867.33 1173.42 1173.42 
102811 76601.9 52538.4 34257.1 21083.5 13137.6 8029.91 4945.86 3033.35 1867.33 1177.85 1177.85 
99581.6 75255.1 52409.3 33955.1 21588.5 13232.3 8048.14 4949.18 3033.35 1901.97 1161.64 1161.64 
