976.563 1953.13 3906.25 7812.5 15625 31250 62500 125000 250000 500000 1e+06 
22.8042 30.5151 38.4657 46.174 51.2196 55.7173 56.861 57.8903 55.7945 53.6006 46.8941 46.8941 
25.7132 32.7563 42.5029 48.9923 53.1712 57.5121 58.3039 58.6908 57.1389 54.8355 47.6359 47.6359 
25.4382 37.8851 44.1063 50.3904 54.7626 57.9519 58.9924 59.4821 57.0755 54.8355 48.5521 48.5521 
27.4454 37.6734 45.3098 51.0571 54.8538 59.2419 58.252 59.4565 57.8809 54.9011 47.7961 47.7961 
32.67 38.7423 46.0445 52.7099 56.4139 58.8029 60.421 59.8603 57.8809 54.4004 47.2048 47.2048 
28.5094 39.6305 46.687 52.3902 55.6667 59.66 59.6657 59.4309 57.8111 55.2742 48.5521 48.5521 
27.5763 38.9948 47.4712 52.8825 56.4829 59.6466 60.3725 59.8882 57.8111 53.8462 47.9572 47.9572 
31.5625 40.9183 46.3408 52.9377 57.2246 60.0725 61.079 59.8046 57.8111 55.2068 47.9572 47.9572 
28.47 40.1767 47.4712 53.9645 55.7589 60.4795 61.7851 60.2339 57.7415 55.2068 48.5521 48.5521 
29.686 42.4234 48.5759 53.623 57.9929 60.0241 61.079 59.8046 57.7415 55.1396 48.5521 48.5521 
 
53678.9 47248.3 35368.9 25458.6 16937.4 11099 7092.38 4410.93 2777.08 1761.53 1149.36 1149.36 
59837.6 52726.1 38318.1 26722.6 17872.2 11266.1 7096.85 4445.43 2782.65 1744.64 1140.81 1140.81 
67966.4 54437.7 40284.2 27628.2 17836.4 11440.2 7190.08 4480.77 2815.34 1744.64 1120.72 1120.72 
71490.3 57659.8 41574.2 28088.2 18333.9 11618.4 7276.01 4512.55 2753.25 1733.34 1129.15 1129.15 
74178.9 60335.7 42704.3 28489.7 18311.9 11704.1 7200.39 4514.65 2753.25 1753.98 1126.04 1126.04 
84221.5 60746.5 42588.9 29272.8 18571 11708.4 7284.55 4544.37 2785.89 1735.36 1120.72 1120.72 
80821.7 61008.8 45232.9 29243.3 19062.9 11796 7290.22 4482.86 2785.89 1786.09 1117.52 1117.52 
77452.8 60243.4 44676.6 29494.9 18806.3 11799 7296.84 4578.37 2785.89 1746.66 1117.52 1117.52 
77458.9 64397.9 45232.9 29695 19322.1 11890.4 7304.4 4548.79 2818.6 1746.66 1120.72 1120.72 
85673.5 65055.6 45806.9 30477.7 19054.6 12062.5 7296.84 4578.37 2818.6 1757.98 1120.72 1120.72 
