976.563 1953.13 3906.25 7812.5 15625 31250 62500 125000 250000 500000 1e+06 
38.6788 46.0548 51.755 56.0447 60.1393 62.989 64.7214 64.8508 63.36 59.6324 55.289 55.289 
34.0502 48.192 54.0512 57.1678 60.1398 62.989 64.2252 64.7203 64.0686 60.9732 56.2754 56.2754 
43.2884 45.5906 52.8043 58.1763 60.6606 64.8474 65.2874 64.7203 64.1715 59.8561 56.4655 56.4655 
44.5599 50.0919 55.7419 58.1763 61.1812 62.926 65.2874 64.8508 64.6858 61.8607 55.4732 55.4732 
42.8185 50.5101 54.6978 57.2672 61.6902 64.761 65.2169 65.7334 64.1715 60.9732 56.1584 56.1584 
44.935 50.9297 54.445 58.4237 61.6786 63.7287 65.2169 64.8508 64.7929 60.9732 56.3482 56.3482 
43.7118 51.0558 55.5659 57.3639 61.1658 63.7287 65.7118 65.8761 64.6858 60.9732 54.975 54.975 
45.4848 51.3366 54.085 58.5017 62.1762 63.7287 66.206 65.7334 65.3096 60.7371 56.1584 56.1584 
43.9601 51.4696 55.0614 57.4578 62.161 63.7287 65.6386 65.5928 64.7929 60.7371 57.0438 57.0438 
43.4649 49.857 55.2947 59.4562 62.161 64.5925 65.5662 67.4923 65.3096 59.8561 56.3482 56.3482 
 
139666 102868 68157.2 45826 28952 17990.4 10984.2 6521.81 3889.05 2313.93 1367.93 1367.93 
151595 105921 69229.1 46554.1 29219.2 17990.4 10971.7 6622.57 3827.31 2252.87 1376.87 1376.87 
160967 114326 73775.9 46478.2 29487.7 17759.2 10902.4 6622.57 3793.19 2278.75 1365.06 1365.06 
145924 110976 71341.3 46478.2 29490.7 18269.3 10902.4 6521.81 3800.15 2262.43 1356.14 1356.14 
158549 110702 73265.1 47373.6 29763.8 18037.3 10997.3 6537.36 3793.19 2252.87 1348.79 1348.79 
169929 110434 75865.6 48946.1 30032.4 18570.8 10997.3 6521.81 3766.11 2252.87 1337.06 1337.06 
159295 116667 74737 48195.4 30027.4 18570.8 11011.1 6436.95 3800.15 2252.87 1351.81 1351.81 
167016 112870 77665 49773.3 30308.4 18570.8 11025.6 6537.36 3773.3 2287.91 1348.79 1348.79 
170413 113685 75705.3 49019.5 30577.9 18570.8 11106.3 6638.15 3766.11 2287.91 1329.84 1329.84 
163831 117504 77339.9 49712.2 30577.9 18595.9 11201.6 6572.09 3773.3 2278.75 1337.06 1337.06 
