976.563 1953.13 3906.25 7812.5 15625 31250 62500 125000 250000 500000 1e+06 
24.0217 34.114 40.9478 46.7541 52.1153 55.3161 57.5958 57.0239 56.6016 55.0429 50.1084 50.1084 
23.8217 35.2601 42.8827 48.1017 54.0621 56.0117 58.2736 59.2321 57.3703 55.2551 49.9757 49.9757 
25.3335 35.4842 41.1961 48.9495 52.8556 56.7246 57.6866 59.0582 57.9281 55.2551 50.4762 50.4762 
29.5046 34.6277 43.1271 49.4433 54.0621 57.4436 58.3085 57.1456 57.4448 55.6844 51.2223 51.2223 
27.4263 37.3612 43.3642 49.5761 54.769 57.4436 58.3085 58.2186 57.4448 54.7396 50.3409 50.3409 
28.5094 36.243 44.187 50.1181 55.3666 57.4384 58.3085 58.2186 58.0853 56.6274 50.8954 50.8954 
27.4331 35.8824 43.818 50.4146 54.7137 57.8026 58.9005 59.2321 58.0853 55.9018 50.8954 50.8954 
27.6765 37.7293 44.4074 51.3644 54.7419 57.7883 59.4924 59.1451 57.4448 56.1212 52.1191 52.1191 
28.1826 36.8807 44.8293 51.4167 55.4091 58.1436 59.4924 58.1452 58.0853 55.6844 50.7096 50.7096 
26.5406 38.0529 44.6214 51.3644 55.4091 58.1527 58.8607 59.1451 58.0853 56.8557 51.0821 51.0821 
 
79954 63350.9 48230.2 33895.7 22442.1 14722 9386.67 5944.15 3669.08 2310.69 1467.69 1467.69 
81956.9 64343.4 48494.1 34001 22389.6 14450.3 9111.19 5657.5 3569.02 2273.97 1437.83 1437.83 
81262.4 66619.3 51275.3 33913.2 22930.2 14450.2 9106.03 5858.46 3573.78 2273.97 1442.43 1442.43 
82474.6 67890.4 49205.3 34123.9 22389.6 14361.9 9017.93 5743.02 3534.31 2201.09 1392.36 1392.36 
84398.8 68026.6 49918.3 34628.9 22887.3 14361.9 9017.93 5649.59 3534.31 2192.99 1412.76 1412.76 
84221.5 68602.6 49719.4 35096.9 22367.1 14451.9 9017.93 5649.59 3504.39 2209.63 1375.42 1375.42 
81814.5 71184.1 51349.4 34553.2 22377.1 14363.4 9023.81 5657.5 3504.39 2164.91 1375.42 1375.42 
87584.4 70990.7 50437.1 34992.9 22632 14543.6 9030.48 5757.77 3534.31 2128.92 1372.13 1372.13 
88790.1 72224.8 51877.4 35247.6 22878 14545.7 9030.48 5749.72 3504.39 2201.09 1387.83 1387.83 
93952.7 70041.9 51156.5 34992.9 22878 14455.5 9117.14 5757.77 3504.39 2173.39 1363.04 1363.04 
