976.563 1953.13 3906.25 7812.5 15625 31250 62500 125000 250000 500000 1e+06 
30.8645 45.0108 54.7166 53.7897 57.5504 59.8018 62.8288 63.9441 67.9564 74.0448 -117.193 -117.193 
34.7828 45.0821 43.7709 54.9905 62.0087 66.31 63.2684 63.448 63.1643 60.5214 82.2807 82.2807 
36.2657 37.8606 50.3459 59.2491 58.7999 60.682 64.2045 64.5932 63.821 71.1482 66.8736 66.8736 
36.9677 47.4834 48.5769 55.0607 57.868 63.2988 65.645 64.5514 63.821 83.4038 71.6438 71.6438 
36.1781 53.0002 52.0885 50.8784 59.3879 66.6985 65.5117 64.5514 62.9836 84.2229 93.6756 93.6756 
36.437 44.5925 53.2087 56.8668 59.3749 64.7012 66.1278 64.5514 63.628 72.1891 96.4776 96.4776 
28.9349 51.2446 53.263 55.8669 56.6294 62.711 64.9768 64.9304 63.5333 66.3493 72.9105 72.9105 
41.039 48.53 48.3665 53.2547 61.5059 62.5232 64.389 65.2633 63.628 64.9304 68.2206 68.2206 
40.0363 49.7671 52.3709 56.3686 64.5675 62.5004 64.2491 65.2179 63.5333 63.2995 66.4437 66.4437 
40.4543 48.4367 52.1764 54.545 61.3366 64.1335 63.4731 65.1728 63.5333 63.2108 66.4437 66.4437 
 
33742.4 29822.9 19488 14217.6 7882.73 5242.46 3102.74 4427.78 1708.9 108.439 34.6357 34.6357 
39658.4 28327 21588.9 20593.9 8337.28 4862.82 3157.6 4515.1 2644.97 190.292 30.5801 30.5801 
33098.4 36955.4 27764.6 20079.5 8341.2 5562.04 3187.72 4524.27 2649.34 381.989 53.8021 53.8021 
38395.9 39509.9 34839.9 24854.3 8736.7 5246.3 3194.35 4554.39 2649.34 647.37 64.9087 64.9087 
38386.8 38970.2 35898.2 25845.8 8650.11 5348.62 3274.58 4554.39 2705.77 1005.76 84.6728 84.6728 
40929.8 50796.9 40927.6 29244.9 8572.24 5735.87 4952.35 4554.39 2710.13 1263.03 454.251 454.251 
59310.9 52052.1 48544.8 32275.7 15870.1 11922 7500.44 4557.79 2740.61 1424.8 637.261 637.261 
51982.6 68091.7 50017.1 34681.5 19009.7 12600.4 7404.79 4591.51 2710.13 1479.73 679.223 679.223 
60537.4 69253.6 50133.7 32755.9 18578.1 12685.5 7577.04 4621.68 2740.61 1522.97 703.46 703.46 
72123.8 73065.2 50653.9 32340.4 20725.1 12454.8 7741.12 4651.89 2740.61 1533.15 703.46 703.46 
