976.563 1953.13 3906.25 7812.5 15625 31250 62500 125000 250000 500000 1e+06 
21.6246 22.4116 22.4509 24.8053 29.7035 37.2995 44.0595 49.4757 53.1573 53.068 49.6401 49.6401 
20.9059 21.6586 22.9195 25.2896 30.8803 37.2995 44.0595 50.618 53.7789 53.068 49.1116 49.1116 
20.3883 22.1082 22.7169 26.2526 31.0753 38.2603 44.8831 51.0156 53.7789 54.2245 49.1116 49.1116 
20.8652 21.9709 23.2952 26.2756 31.0753 38.7167 45.0139 51.7296 54.4105 54.0703 50.3196 50.3196 
20.3883 21.0902 23.8119 26.2015 31.5604 38.7167 45.0139 51.7296 54.4105 53.2086 48.7233 48.7233 
20.7875 21.9054 23.2191 26.3908 31.7382 39.1842 45.8145 51.7534 53.1573 55.239 49.9375 49.9375 
19.5109 22.6706 23.1082 26.796 32.2118 39.9403 45.8145 51.7534 53.757 52.0649 49.7884 49.7884 
21.0981 21.3076 23.6898 26.8073 32.3734 39.3352 47.0626 52.1231 54.9575 52.9282 49.9375 49.9375 
19.8581 20.9364 23.5717 26.9596 32.9932 39.7833 45.8145 52.1445 54.9575 53.068 50.0876 50.0876 
19.8352 21.7803 24.3451 27.051 32.5285 40.0729 47.7518 52.5127 54.9894 54.2245 49.9375 49.9375 
 
21081.3 19107.9 17412.1 14792.4 12343.3 9692.29 7032.04 4754.53 3075.26 1908.7 1248.5 1248.5 
22978.3 20297.8 17714 15104 12475.3 9692.29 7032.04 4777.03 3044.15 1908.7 1245.32 1245.32 
23840.2 20481.9 17765.5 15323 12723.8 9898.47 7099.66 4805.5 3044.15 1880.21 1245.32 1245.32 
23325.8 21170.5 18245.7 15617.6 12723.8 9870.7 7184.58 4770.28 3013.3 1913.6 1240.26 1240.26 
23840.2 20803.8 18321.9 15731.4 12757 9870.7 7184.58 4770.28 3013.3 1875.36 1230.76 1230.76 
24021.6 21515.3 18474.2 16093.6 13006.5 10108 7254.16 4801.22 3075.26 1885.53 1225.54 1225.54 
24526.2 22231.6 18817.2 16114.7 13041 9975.71 7254.16 4801.22 3076.32 1904.26 1237.01 1237.01 
24900.9 22367.3 18664.5 16410.1 13291.4 10187.4 7139.86 4799.33 3079.23 1942.17 1225.54 1225.54 
25403.6 21839 19007.4 16182.4 13220 10161 7254.16 4830.33 3079.23 1908.7 1214.11 1214.11 
25753 22205.5 19734.6 16659.8 13542.2 10320.7 7126.69 4828.63 3046.99 1880.21 1225.54 1225.54 
