976.563 1953.13 3906.25 7812.5 15625 31250 62500 125000 250000 500000 1e+06 
41.4757 48.8151 57.7248 59.654 62.5067 64.3547 65.6037 63.3664 61.3682 55.8339 56.1907 56.1907 
45.165 51.1866 55.0416 57.8093 61.5882 63.3129 64.5455 64.9182 64.624 60.7942 57.0544 57.0544 
44.1555 51.188 55.0416 58.6518 61.1196 63.4478 65.0769 65.8825 64.9413 61.5033 57.1581 57.1581 
39.9131 51.7067 56.9167 58.724 61.5994 64.2716 65.145 66.0246 64.4508 60.6637 56.6778 56.6778 
44.6072 52.0981 55.849 59.5805 61.5994 64.35 66.2324 66.8646 64.5552 60.8972 56.1962 56.1962 
48.7811 51.6957 56.0602 59.5805 62.1015 64.2716 66.3084 66.1688 65.1569 61.1335 57.2566 57.2566 
43.2841 52.451 56.5326 58.724 62.5564 64.35 66.1571 66.0246 64.4508 61.1335 57.2566 57.2566 
46.3433 51.3196 57.1113 59.6989 62.5743 65.1822 65.6857 66.1688 65.1569 61.9903 56.7667 56.7667 
47.1614 52.8093 56.5326 59.6989 62.5564 66.0129 66.2324 66.0246 64.5552 60.8972 58.1435 58.1435 
43.4384 52.5714 56.2657 58.8631 63.5486 65.1822 66.1571 66.8646 65.0487 61.9903 57.4523 57.4523 
 
172436 119200 51505.9 32457.9 20244.4 12248.1 7267.83 4250.32 2604.76 1510.99 1557.65 1557.65 
183312 120219 79960.3 52339.4 32195.8 20266.3 11956.8 7147.84 4159.91 2557.73 1467.43 1467.43 
159677 122965 79960.3 51434.7 31647.2 19697.9 11873.8 7061.97 4055.46 2449.47 1426.57 1426.57 
166473 120771 80336.7 52268.8 31923.9 19723 11777.2 6959.62 4048 2439.39 1421.79 1421.79 
162112 120505 81453.4 51374.7 31923.9 19440 11614 6977.59 4013.37 2403.67 1417.09 1417.09 
174544 126275 83109.5 51374.7 31659.6 19723 11518 6857.67 3986.27 2368.11 1386.13 1386.13 
189958 125735 82132.7 52268.8 32212.1 19440 11710.2 6959.62 4048 2368.11 1386.13 1386.13 
180299 126553 81991.7 53046.3 31940.2 19468.5 11695.2 6857.67 3986.27 2378.14 1381.46 1381.46 
170734 128233 82132.7 53046.3 32212.1 19500.2 11614 6959.62 4013.37 2403.67 1367.28 1367.28 
173389 126567 84771.8 53944.1 31964 19468.5 11710.2 6977.59 4020.82 2378.14 1374.32 1374.32 
