976.563 1953.13 3906.25 7812.5 15625 31250 62500 125000 250000 500000 1e+06 
39.8856 48.2003 52.5777 56.5384 59.5961 61.2135 63.3455 63.0803 63.0443 59.6324 54.2573 54.2573 
41.4572 48.0793 52.7265 57.6525 60.6845 61.2545 63.5202 64.0881 62.5311 59.6324 54.975 54.975 
31.115 51.2521 53.5678 58.7205 61.2193 63.1176 64.035 63.1915 63.335 60.0826 54.6551 54.6551 
46.7174 51.2148 54.3163 57.1678 61.2193 62.154 64.4833 64.2114 63.9598 58.9723 54.2974 54.2974 
41.5819 49.9384 56.1698 61.1738 61.7605 64.1049 64.6832 64.2114 63.4334 60.0826 54.6551 54.6551 
51.0296 52.3635 55.857 59.1154 62.2855 63.1176 64.5493 64.983 63.2374 60.312 54.1515 54.1515 
33.4238 50.9297 56.2997 60.1438 61.7486 62.989 65.063 64.983 63.335 61.2125 56.3482 56.3482 
31.1054 51.6954 55.9702 61.2549 62.3016 63.1176 65.1333 65.1172 64.4853 61.455 56.2232 56.2232 
57.3677 51.8613 55.2139 60.1438 61.2117 63.1176 64.9934 66.1682 63.4334 60.9732 57.4367 57.4367 
36.4342 53.2887 55.6797 59.2573 61.2041 64.9355 65.063 65.1172 63.9598 60.0826 54.1515 54.1515 
 
148339 96063.2 68770.7 44409 28154.2 17957.7 10759 6494.32 3814.09 2313.93 1399.13 1399.13 
138889 107812 69571.1 44868.8 27622.2 17679.7 10475.7 6407.09 3807.83 2313.93 1351.81 1351.81 
192625 104008 74408.1 45071.4 28155.9 17434.9 10486.8 6394 3712.03 2243.74 1335.82 1335.82 
149189 109362 70838.8 46554.1 28155.9 17694.2 10592.9 6307.1 3684.63 2270.01 1359.34 1359.34 
163650 107475 69583.6 45504.8 28160.7 17180 10310.6 6307.1 3678.17 2243.74 1335.82 1335.82 
148211 107793 72151.5 45595.9 28433.8 17434.9 10498.6 6421.41 3745.96 2208.88 1331.66 1331.66 
212992 110434 75407.6 45544 28426.9 17990.4 10511.1 6421.41 3712.03 2217.99 1337.06 1337.06 
211950 103757 72963.3 47146.1 28167.6 17434.9 10417 6321.4 3691.34 2183.27 1309.3 1309.3 
156248 116135 72299.2 45544 28422.1 17434.9 10605.4 6237.28 3678.17 2252.87 1306.53 1306.53 
176483 104652 75552.6 47235.6 28688.6 17481.9 10511.1 6321.4 3684.63 2243.74 1331.66 1331.66 
