976.563 1953.13 3906.25 7812.5 15625 31250 62500 125000 250000 500000 1e+06 
101.23 101.661 62.7339 101.089 96.3926 66.5948 83.478 35.7686 -63.2388 -122.759 -119.427 -119.427 
100.963 101.661 62.7376 100.912 96.238 116.709 83.478 62.3423 169.781 -126.365 -119.229 -119.229 
99.3957 101.661 44.2954 100.912 98.4839 110.261 88.2436 62.3423 82.3235 -123.909 0 0 
102.083 101.661 17.7379 101.089 94.751 107.249 88.2436 62.3423 75.7452 -122.063 0 0 
101.015 101.661 62.7451 101.089 94.7881 107.252 95.3712 62.3423 -17.6838 -118.144 -119.653 -119.653 
99.4652 101.661 62.7451 100.976 97.2014 116.718 127.746 35.7686 113.385 -121.563 -119.204 -119.204 
102.148 101.661 62.7451 101.025 96.7224 114.373 61.675 62.3468 -147.195 -130.592 -121.315 -121.315 
100.83 101.434 17.7379 101.139 96.91 111.644 88.2439 62.3468 -76.4042 -121.577 -119.178 -119.178 
100.83 101.548 62.7414 101.139 97.2014 102.848 120.73 35.7686 -102.135 -133.144 -124.127 -124.127 
100.979 101.775 89.3137 100.912 95.7479 124.508 88.2439 62.3468 152.734 -124.1 -120.503 -120.503 
 
168126 57205.5 933.54 19232.6 2501.72 1623.39 45.5587 19.328 586.806 805.643 825.937 825.937 
167520 57205.5 700.066 19220.7 2466.5 73.1453 45.5587 17.2889 1072.71 894.269 885.765 885.765 
164104 57205.5 737.886 19220.7 2504.32 114.419 56.758 17.2889 2534.69 897.974 0 0 
170120 57205.5 329.909 19232.6 2424.64 144.352 56.758 17.2889 3921.09 866.047 0 0 
167324 57205.5 233.296 19232.6 2516.01 180.47 30.4986 17.2889 1106.37 896.097 885.417 885.417 
164250 57205.5 233.296 19237.4 2495.3 146.338 83.3386 19.328 648.287 865.794 879.215 879.215 
170275 57205.5 233.296 19215.9 2480.81 96.9597 16.915 8.64315 498.896 756.233 844.81 844.81 
167218 57232 329.909 19211.1 2424.72 78.3964 37.8317 8.64315 982.115 858.236 872.654 872.654 
167218 57218.7 466.651 19211.1 2495.3 156.854 49.3287 19.328 805.916 715.441 811.378 811.378 
167866 57192.6 521.766 19220.7 2452.37 182.643 37.8317 8.64315 1646.32 860.235 884.904 884.904 
