976.563 1953.13 3906.25 7812.5 15625 31250 62500 125000 250000 500000 1e+06 
31.7071 40.8606 48.577 54.2226 59.0452 62.4083 62.6743 64.2889 61.2096 58.2934 54.6651 54.6651 
31.3006 42.6039 50.2841 55.6834 60.8785 62.3143 64.0494 63.2804 61.3111 58.7909 52.8112 52.8112 
32.5647 43.1207 48.5105 56.7938 61.3911 64.5451 63.9673 63.2804 61.3111 57.793 52.6504 52.6504 
33.3635 40.5886 51.0548 57.537 61.4306 64.5451 64.5407 63.4234 62.1049 57.793 51.8987 51.8987 
27.8636 44.0496 50.8642 57.1839 62.017 63.5253 64.1322 63.4234 62.2131 58.7909 53.4097 53.4097 
35.7504 44.4512 51.2354 57.8985 62.5534 63.415 64.6274 64.4456 62.9188 58.034 52.6504 52.6504 
34.3715 43.6067 53.1488 58.2642 62.6031 64.42 65.3901 64.6047 62.1049 58.034 52.2839 52.2839 
34.0951 44.1745 51.9742 58.2642 61.3911 64.5451 64.6274 64.4456 62.3222 57.793 53.8157 53.8157 
36.351 45.9167 51.9742 57.9138 61.9281 65.5625 64.6274 64.4456 62.8052 58.034 53.0459 53.0459 
36.1512 44.5549 52.6998 58.2676 61.8842 66.4228 65.2046 64.6047 62.8052 58.7909 53.0459 53.0459 
 
111944 88911.3 61836 41058.3 25986.4 15617.4 9556.89 5717.76 3427.97 2110.29 1254.58 1254.58 
123966 92676.7 63833.5 40997.1 25238.7 15892.4 9299.65 5702.94 3393.56 2039.01 1253.25 1253.25 
132335 95514.9 65707.3 41229.2 25777.6 15402.8 9393.64 5702.94 3393.56 2030.28 1225 1225 
111870 94514.8 64478.1 41742.7 25516.2 15402.8 9407.42 5602.67 3331.16 2030.28 1232.81 1232.81 
130980 92765.7 62970.1 42011.2 25535 15370.9 9205.85 5602.67 3297.02 2039.01 1217.3 1217.3 
127205 89517.4 65990.3 41738.9 25817.6 15645.2 9313.42 5617.44 3269.34 1994.96 1225 1225 
135919 98367.5 64960.8 42264 25556.1 15677.1 9140.57 5517.54 3331.16 1994.96 1208.93 1208.93 
136236 101953 66652 42264 25777.6 15402.8 9313.42 5617.44 3262.97 2030.28 1193.51 1193.51 
119443 98862.4 66652 42794 26058.3 15438.8 9313.42 5617.44 3303.4 1994.96 1201.17 1201.17 
129197 98690.8 67325.4 42792.2 26320.5 15753 9327.97 5517.54 3303.4 2039.01 1201.17 1201.17 
