976.563 1953.13 3906.25 7812.5 15625 31250 62500 125000 250000 500000 1e+06 
26.6802 30.4116 29.2444 28.913 30.5036 34.0678 39.6562 -102.761 -102.241 35.7952 3.30562 3.30562 
15.8224 29.0246 28.0772 28.7727 30.7191 33.8136 40.7831 -100.541 60.6313 46.244 29.5656 29.5656 
19.587 30.0276 28.7037 28.9029 29.1981 35.0815 39.4033 -87.0979 55.6216 76.6774 60.8147 60.8147 
24.0748 30.3568 27.932 29.3927 29.4911 32.6228 38.4778 -107.657 -97.167 35.6267 -41.6564 -41.6564 
22.0455 28.8195 28.2075 28.2069 30.6712 34.3018 40.0286 -99.0907 59.2286 55.1081 29.7754 29.7754 
23.3207 31.3441 26.0178 28.3411 29.0985 32.5744 38.1844 -106.995 -96.9406 32.7045 -72.4698 -72.4698 
20.5615 33.4997 27.3056 29.2389 28.9292 30.7341 36.9306 -113.834 -101.086 28.8782 -101.506 -101.506 
19.5589 30.395 27.4292 28.4371 26.4631 30.5238 34.6938 -114.542 -96.9175 10.5301 -104.636 -104.636 
19.1506 33.9633 28.0301 27.9231 28.3929 31.1242 37.0444 -111.878 -99.829 34.9188 -86.4063 -86.4063 
21.0455 29.7743 27.0646 28.1301 29.2939 29.9307 35.0539 -114.512 -98.8019 28.9532 -95.7692 -95.7692 
 
6003.27 6271.69 7146.42 6495.22 3407.2 2665.74 2066.6 2776.56 168.992 181.696 35.8252 35.8252 
6984.38 6464.37 7810.54 7286.87 3428.94 2642.7 2024.52 2481.04 989.009 288.488 80.5853 80.5853 
6541.67 6205.81 8315.86 7650.59 3425.04 2584.81 2042.2 1529.64 1544.31 754.958 78.665 78.665 
3642.16 5045.01 5112.02 4349.07 3117.4 2377.9 1887.3 2391.58 480.709 127.149 42.0214 42.0214 
6501.91 5728.67 7232.8 6799.67 3225.37 2457.47 1950.97 2360.11 824.904 250.59 53.6115 53.6115 
3377.22 4687.02 5009.04 4276.09 3130.75 2320.2 1863.19 2267.74 561.381 111.066 48.8602 48.8602 
2569.87 4466.16 4896.79 4138.87 2927.59 2243.05 1767.38 1768.11 734.499 76.2763 67.3498 67.3498 
2253.87 4028.21 4730.7 4145.75 2920.41 2128.03 1741.47 1669.95 771.95 48.1351 74.6442 74.6442 
2161.03 3882.95 4664.93 4044.59 2885.13 2114.99 1709.57 1941.37 688.632 72.8905 59.135 59.135 
2515.56 4056.22 4688.24 4066.19 2767.17 2141.3 1764.88 1637.4 770.592 57.1658 71.7992 71.7992 
