976.563 1953.13 3906.25 7812.5 15625 31250 62500 125000 250000 500000 1e+06 
41.6691 48.6438 50.9235 60.2785 63.7295 67.2506 67.173 65.4942 64.6709 60.8039 65.5771 65.5771 
41.77 48.9356 50.1844 53.2522 61.355 69.1458 66.96 65.2525 63.6268 83.7896 59.3448 59.3448 
30.3035 51.5234 61.0777 59.5559 61.9064 65.1853 64.8593 65.767 64.2964 61.7657 96.7402 96.7402 
37.8847 50.9575 62.5579 59.2057 61.0186 64.3721 65.0074 65.4942 63.5356 60.8039 72.352 72.352 
39.855 51.8828 51.9014 59.5784 64.4491 65.3816 65.0799 65.6292 63.5356 59.6404 69.0061 69.0061 
34.1629 45.0974 57.7506 59.9339 65.6028 65.1609 65.4966 64.5085 64.1038 59.6404 65.041 65.041 
0 0 0 0 0 0 0 0 0 0 0 0 
40.342 47.273 50.0959 59.934 59.2292 62.1546 65.4212 65.4942 64.1038 60.8039 63.5006 63.5006 
31.9342 49.8802 55.8372 60.642 63.7762 65.9315 65.4212 64.3898 63.4453 60.5933 63.5006 63.5006 
45.5152 55.7584 53.6233 61.3172 65.6669 66.2617 66.7009 65.3617 63.4453 60.5933 63.7522 63.7522 
 
72818.1 94872.7 68335.6 42289.9 25518.2 15057.9 9053.62 5401.5 3162.23 1900.12 868.625 868.625 
46925.4 54692 37339.9 28420.4 10133.6 6026.78 3718.39 5335.5 3120.48 1184.83 131.426 131.426 
68439.3 53466.6 58476.6 38727.2 15373.9 11877.4 8377.78 5216.43 3094.42 1907.39 586.992 586.992 
77126 91163.1 57756.4 39998.7 24192.4 14705.7 8914.78 5401.5 3151.73 1900.12 785.225 785.225 
85017.1 100576 65901.7 41013.9 24789.1 14732.6 8826.79 5308.83 3151.73 1925.32 832.822 832.822 
77147.1 87232.4 65273.7 39995.3 24839.8 15252.3 9014.46 5389.56 3156.86 1925.32 888.424 888.424 
0 0 0 0 0 0 0 0 0 0 0 0 
66548.1 91627.4 66984.1 41268.1 24923.6 15444.6 9102.68 5401.5 3156.86 1900.12 890.413 890.413 
114120 89988.6 66157.9 41271.3 25267.6 15012.3 9102.68 5482.53 3183.05 1932.14 890.413 890.413 
86915.2 101969 70165.1 42301.8 24590.2 15023 8951.8 5494.45 3183.05 1932.14 880.436 880.436 
