976.563 1953.13 3906.25 7812.5 15625 31250 62500 125000 250000 500000 1e+06 
24.8244 34.8382 42.3782 48.0388 52.7118 55.9064 57.6177 60.0245 59.5709 55.7529 50.9082 50.9082 
28.2318 37.5441 44.4715 49.9947 53.6828 56.3887 57.6091 60.7628 60.2023 56.8084 51.484 51.484 
32.1269 38.2697 44.9476 51.4563 54.378 57.2172 58.9457 61.1682 60.8331 56.8084 52.0586 52.0586 
33.368 39.2987 46.0555 51.0448 54.5347 57.6549 58.9457 60.7628 60.2773 56.9988 51.3244 51.3244 
32.116 40.6326 46.7227 50.7429 54.0145 57.6549 59.588 61.0894 59.502 56.9988 51.3244 51.3244 
31.6322 40.9429 46.3683 51.3386 54.6829 57.6767 58.9281 61.0894 60.2023 56.6205 51.3244 51.3244 
32.1221 40.2223 47.2232 51.4335 55.4329 58.0896 59.5639 61.0633 60.8331 58.3516 51.484 51.484 
31.3316 41.4711 47.7407 52.0166 54.754 58.4867 59.588 61.0894 60.8331 58.0668 51.8947 51.8947 
31.9835 41.4711 47.9727 52.5924 55.4955 58.105 60.187 61.8091 60.8331 56.8084 51.3244 51.3244 
32.4491 42.0394 48.158 52.1049 55.5564 58.5028 60.8709 61.7791 60.054 57.8614 51.3244 51.3244 
 
57226.2 52234.4 38106.4 26782.9 17993 11766.4 7566.93 4703.65 2904.44 1786.08 1109.38 1109.38 
68432.2 55299 39770.4 27359.5 18460 12022 7744.83 4738.64 2908.08 1791.75 1112.44 1112.44 
70989.1 58452 41557.2 28266.2 18183.9 12014.9 7658.71 4709.38 2912.02 1791.75 1115.6 1115.6 
71901.5 58810.9 42376.8 28568.7 18683.1 12186.3 7658.71 4738.64 2876.09 1758.85 1123.62 1123.62 
76811.2 59901.2 42222.9 29126 19460.1 12186.3 7750.68 4803.53 2936.49 1758.85 1123.62 1123.62 
80201.5 60618.5 43115.8 29329.6 19183.8 12360.8 7747.86 4803.53 2908.08 1824.79 1123.62 1123.62 
82694.3 62714.9 43459.1 29583.9 19161.2 12446.1 7840.03 4834.99 2912.02 1778.1 1112.44 1112.44 
82477.2 63828 43882.5 29791.2 19434.8 12357.3 7750.68 4803.53 2912.02 1764.98 1126.79 1126.79 
86804.9 63828 43562.2 30001.4 19412.5 12621.2 7933.31 4839.73 2912.02 1791.75 1123.62 1123.62 
77488 65281 44060.1 30046.4 19664.2 12619.8 7848.37 4871.24 2972.3 1797.91 1123.62 1123.62 
