976.563 1953.13 3906.25 7812.5 15625 31250 62500 125000 250000 500000 1e+06 
29.0287 39.1834 44.8482 53.185 58.1201 61.8173 62.3516 62.5417 61.475 58.2706 53.2494 53.2494 
31.9424 39.4523 47.2606 53.5928 58.8062 61.7867 62.9519 63.5968 62.1587 58.2706 52.6911 52.6911 
28.7433 38.9055 47.7414 54.4107 58.7886 61.7867 62.9519 62.5417 62.1587 59.2757 53.423 53.423 
30.161 39.698 47.1901 54.5258 58.8233 62.1274 63.5517 63.5968 62.7556 58.0632 52.6911 52.6911 
31.9728 39.698 48.4222 54.5258 59.4446 62.5021 63.5517 63.5968 62.852 59.4995 53.0316 53.0316 
29.7821 41.8342 46.6559 54.6932 60.0882 62.5021 64.2176 63.4798 62.7556 57.0682 52.8607 52.8607 
37.1623 41.7826 48.9803 55.0384 60.0928 61.6814 63.5517 62.3398 62.7556 58.2706 53.7744 53.7744 
32.3626 41.2945 49.4021 55.4393 60.0928 62.8181 63.6133 63.4798 62.852 59.4995 52.8607 52.8607 
31.4101 42.2565 49.4021 55.0911 60.0882 62.7974 64.1508 63.4798 62.7556 59.4995 54.1628 54.1628 
34.4689 41.9698 49.9696 55.8887 59.4763 63.1718 64.0848 64.5177 63.4528 59.7268 53.7744 53.7744 
 
89013.7 73075.4 54294.6 36860.8 22674.8 14136.1 8679.71 5197.02 3147.01 1904.26 1159.34 1159.34 
100021 75613.7 53560.9 36819.3 23181.9 14314.7 8687.81 5207.02 3119.28 1904.26 1155.89 1155.89 
100953 77796.3 55085.5 36741.2 22923.9 14314.7 8687.81 5197.02 3119.28 1911.43 1148.07 1148.07 
92868.8 79991.7 56079.1 37267.2 23440.3 14408.2 8696.7 5207.02 3124.38 1937.79 1155.89 1155.89 
103078 79991.7 57387.2 37267.2 23176.1 14323.2 8696.7 5207.02 3091.89 1878.03 1133.39 1133.39 
109161 78600.6 57079.9 38058.2 23431.5 14323.2 8615.48 5303 3124.38 1931.05 1144.63 1144.63 
100210 80424.7 56401 37758.5 23690.4 14942.4 8696.7 5389.26 3124.38 1904.26 1125.63 1125.63 
102596 78938.8 57945.1 37724.3 23690.4 14507.2 8605.79 5303 3091.89 1878.03 1144.63 1144.63 
109032 81918.2 57945.1 38022.6 23431.5 14596.8 8706.38 5303 3124.38 1878.03 1140.37 1140.37 
102136 83002.8 56966.4 37956.3 23952.8 14512.7 8797.45 5314.45 3097.25 1844.77 1125.63 1125.63 
