976.563 1953.13 3906.25 7812.5 15625 31250 62500 125000 250000 500000 1e+06 
23.5948 11.6048 22.433 5.10217 6.62078 20.4099 20.4827 9.05072 21.529 20.4827 20.4827 20.4827 
23.5948 11.6048 22.433 5.10217 6.62078 20.4099 20.4827 9.05072 21.529 20.4827 20.4827 20.4827 
23.5948 11.6048 22.433 5.10217 6.62078 20.4099 20.4827 9.05072 21.529 20.4827 20.4827 20.4827 
23.5948 11.6048 22.433 5.10217 6.62078 20.4099 20.4827 9.05072 21.529 20.4827 20.4827 20.4827 
23.5948 11.6048 22.433 5.10217 6.62078 20.4099 20.4827 9.05072 21.529 20.4827 20.4827 20.4827 
23.5948 11.6048 22.433 5.10217 6.62078 20.4099 20.4827 9.05072 21.529 20.4827 20.4827 20.4827 
23.5948 11.6048 22.433 5.10217 6.62078 20.4099 20.4827 9.05072 21.529 20.4827 20.4827 20.4827 
23.5948 11.6048 22.433 5.10217 6.62078 20.4099 20.4827 9.05072 21.529 20.4827 20.4827 20.4827 
23.5948 11.6048 22.433 5.10217 6.62078 20.4099 20.4827 9.05072 21.529 20.4827 20.4827 20.4827 
23.5948 11.6048 22.433 5.10217 6.62078 20.4099 20.4827 9.05072 21.529 20.4827 20.4827 20.4827 
