976.563 1953.13 3906.25 7812.5 15625 31250 62500 125000 250000 500000 1e+06 
19.1287 27.4611 29.9624 34.5162 38.4014 46.3211 52.0486 54.0014 55.0458 53.7494 58.1386 58.1386 
18.577 26.8665 27.8318 34.0667 38.3005 44.6168 48.5682 53.8941 55.0834 54.1111 55.4471 55.4471 
19.4349 26.5584 28.0309 34.7615 39.0957 46.5631 50.5703 53.8549 54.5002 53.1169 53.4007 53.4007 
19.8392 22.564 27.6999 34.0696 39.0673 44.7282 50.4051 53.8345 55.1539 52.2164 52.7939 52.7939 
17.746 23.1723 26.3669 32.4036 39.1798 45.076 49.7777 53.7925 55.1539 53.2253 52.6469 52.6469 
20.5959 24.2041 29.5546 32.7505 38.5649 45.6832 51.0482 53.7925 53.8876 53.3344 51.6263 51.6263 
17.8175 24.5365 27.529 33.3885 39.3779 46.7347 50.4051 54.1437 55.1705 52.3109 52.6469 52.6469 
19.9022 22.7035 27.0638 33.0643 39.1798 45.7906 50.4051 53.7485 55.1705 53.3344 51.4391 51.4391 
19.9348 23.41 26.7409 33.3885 39.0957 45.2106 50.3186 54.1233 55.1867 53.3344 51.6263 51.6263 
19.1611 22.8732 27.3628 34.4098 39.4665 46.1577 50.2294 54.1437 55.1867 53.3344 50.9048 50.9048 
 
14361 17934.9 20428.5 18358.9 11660.2 9379.84 6875.6 4678.54 2951.14 1925.61 940.04 940.04 
26125.7 26222.6 25549.8 18966.3 14010.7 9950.86 6924.58 4499.26 2889.64 1829.91 938.226 938.226 
28972.5 28055.3 22663.5 17787.7 13855.4 9957.79 6808.66 4439.74 2827.64 1826.23 984.55 984.55 
28146.9 27460 21614.7 18429.7 13607.5 10030.5 6641.4 4410.02 2767.32 1791.41 981.972 981.972 
31118.3 26319.4 22537.7 18436.7 13681.2 9931.65 6735.12 4350.68 2767.32 1794.59 992.396 992.396 
27498.5 26543 22281.6 18648.4 13735.4 9655.13 6548.39 4350.68 2796.69 1763.05 1021.31 1021.31 
27452.8 27905.7 21942.3 18002 13580.9 9700 6641.4 4289.85 2736.87 1759.91 992.396 992.396 
27481 26798.2 23778.6 18324.9 13681.2 9734.98 6641.4 4291.45 2736.87 1763.05 987.519 987.519 
27148.1 26833.6 23583.5 18002 13855.4 9673.69 6557.97 4260.25 2706.49 1763.05 1021.31 1021.31 
28133.7 27642.2 22270.2 18108.4 13406.9 9637.18 6474.68 4289.85 2706.49 1763.05 1029.42 1029.42 
