976.563 1953.13 3906.25 7812.5 15625 31250 62500 125000 250000 500000 1e+06 
20.2981 21.8335 22.4993 25.1639 29.3377 37.0332 42.4208 48.7533 51.9889 51.6285 48.8904 48.8904 
21.3383 21.9708 22.4582 25.8433 30.5943 36.8116 44.8847 49.9311 52.65 51.6285 48.8904 48.8904 
19.2801 22.3882 22.6775 25.9199 30.9927 38.2272 44.2841 50.3824 53.299 53.7806 50.1802 50.1802 
20.6425 22.1452 23.7974 26.6882 31.5722 37.7791 44.4433 50.5361 53.9696 52.7049 48.6104 48.6104 
21.4118 23.8972 23.5762 26.5217 31.7963 38.2767 45.3385 50.4988 53.953 53.7806 49.1723 49.1723 
21.3627 23.2477 24.2512 27.0731 32.3222 39.6259 45.3385 50.5727 53.953 52.5758 49.7334 49.7334 
20.0107 22.6288 24.2048 27.3459 32.6769 39.1286 46.8315 51.3367 52.6342 52.5758 49.1723 49.1723 
19.64 22.6288 24.4389 27.6096 33.0171 39.4677 46.218 51.3367 53.9359 54.8552 48.4717 48.4717 
20.7875 22.9846 24.3467 27.6948 32.8464 40.1205 46.3491 51.7968 53.2758 52.5758 49.3161 49.3161 
21.6671 22.4004 24.5059 28.1222 33.3527 40.6108 45.7551 51.8253 53.9181 54.6953 50.0302 50.0302 
 
18750.8 16914.9 14774 12713 10467.2 8202.24 6198.78 4238.73 2694.06 1735.54 1123.06 1123.06 
19862.1 17948.7 15517.2 13202.2 10879 8568.69 6225.4 4198.46 2725.37 1735.54 1123.06 1123.06 
20872.9 18475.2 16096.3 13787.7 11017.7 8664.13 6326.18 4225.52 2757.13 1743.4 1117.57 1117.57 
21409.4 18756.3 16359.6 14054.2 11227 8954.11 6409.54 4346.46 2726.34 1739.23 1145.49 1145.49 
22466.7 19326.3 16928.2 14280.7 11651.9 8925.47 6476.27 4316.17 2757.8 1743.4 1148.32 1148.32 
22813.6 19823.4 17182.4 14482.2 11685.9 9026.84 6476.27 4376.79 2757.8 1771.96 1151.24 1151.24 
23312 20323.4 17296.2 14730.5 12005.6 9053.8 6445.4 4341.2 2819.73 1771.96 1148.32 1148.32 
22437.8 20323.4 17651.8 14979.4 11969.9 9210.81 6544.63 4341.2 2789.33 1748.06 1156.75 1156.75 
24021.6 20853.7 17879.5 15160.6 11898.7 9263.28 6629.1 4399.74 2820.19 1771.96 1137.08 1137.08 
23692 21355.7 17943.6 15184 12112.8 9237.61 6728.93 4430.25 2820.94 1780.89 1128.77 1128.77 
