976.563 1953.13 3906.25 7812.5 15625 31250 62500 125000 250000 500000 1e+06 
31.7021 40.5995 45.3773 50.5029 53.6623 56.5453 57.9739 60.8973 60.4156 57.3943 54.1515 54.1515 
37.3833 40.7913 47.34 50.9263 54.937 57.5437 59.1224 60.8973 60.5725 58.5021 54.1737 54.1737 
37.0657 43.4756 48.8133 51.4314 54.299 57.5437 59.7098 60.8973 61.1179 58.7138 54.6881 54.6881 
35.1232 44.2407 48.192 51.0917 54.937 57.5615 59.1224 60.8973 60.4938 58.7138 54.1737 54.1737 
37.6035 44.03 49.0501 52.0071 55.6248 57.5437 59.7098 60.8973 61.1179 57.7944 54.508 54.508 
38.4697 42.8415 48.8986 52.0071 55.0447 58.5793 59.1224 62.9201 61.6628 57.998 53.8211 53.8211 
33.4145 42.6866 47.1901 52.5694 55.0966 57.5615 60.8348 61.8554 61.0354 57.5932 53.4844 53.4844 
37.7344 43.4209 47.5038 52.5694 55.7632 57.5615 60.2385 61.7616 61.7499 58.7138 54.1737 54.1737 
34.4169 42.3777 48.4334 52.3721 55.0447 59.6114 60.2047 62.9201 61.6628 59.6305 54.8696 54.8696 
41.25 44.4799 49.281 52.7094 55.7181 59.5981 60.7965 62.8126 61.5764 58.9282 54.8696 54.8696 
 
102380 73101.9 50781.4 35016.1 23061 15204.8 9653.26 5866.92 3577.11 2218.85 1331.66 1331.66 
87523.7 77460.6 51057.4 34964.1 23011.8 14928.9 9475.33 5866.92 3510.09 2191.93 1292.59 1292.59 
103244 77625.8 49863.8 35173 23035.2 14928.9 9387.56 5866.92 3515.05 2157.28 1296.64 1296.64 
102397 73709 50835.4 35482.1 23011.8 15198.3 9475.33 5866.92 3543.56 2157.28 1292.59 1292.59 
106595 77314.2 50623.7 35644.4 23248 14928.9 9387.56 5866.92 3515.05 2149.48 1308.28 1308.28 
100832 73584.1 53120.3 35644.4 23525.7 15195.8 9475.33 5788.17 3520.26 2115.02 1315.89 1315.89 
102351 77198.2 56079.1 36119.7 23783.3 15198.3 9398.69 5875.94 3548.54 2184.09 1300.26 1300.26 
110397 73269.9 54322.2 36119.7 24021.4 15198.3 9485.05 5974.34 3486.84 2157.28 1292.59 1292.59 
108270 78269.1 51595.1 36948.7 23525.7 14927.4 9577.51 5788.17 3520.26 2165.52 1285.03 1285.03 
102947 78818.6 51385.5 36642.2 23763.2 15197.4 9491.02 5886.26 3553.76 2122.79 1285.03 1285.03 
