976.563 1953.13 3906.25 7812.5 15625 31250 62500 125000 250000 500000 1e+06 
31.272 40.133 46.5385 51.0674 53.7331 57.3214 57.315 58.5382 57.3602 55.2909 52.463 52.463 
36.056 42.1358 49.2416 51.9373 53.7916 57.298 57.2511 59.4535 57.3602 55.5108 51.8763 51.8763 
35.5477 44.2736 48.8999 52.898 55.5684 58.3011 59.4526 58.365 57.3602 55.5108 50.9287 50.9287 
36.1758 44.7495 49.9646 53.2757 55.017 57.298 58.831 58.4516 57.4391 55.5108 50.74 50.74 
37.1748 45.0035 50.5582 53.8026 56.1708 58.1884 59.3576 58.4516 57.8681 54.4442 51.595 51.595 
37.7991 45.6021 51.3642 53.1 56.1755 59.1288 59.3103 58.365 57.8681 55.5108 51.2117 51.2117 
37.1701 45.0511 51.3642 54.2725 57.3069 59.1288 59.2631 58.365 58.3757 54.4442 51.6825 51.6825 
38.3088 45.6051 51.5506 53.9645 57.2959 59.0777 59.7821 59.3561 59.4815 55.7323 52.071 52.071 
37.8397 45.8225 51.0548 54.2969 57.8631 59.1288 59.216 60.2604 58.9714 56.3644 52.5461 52.5461 
38.8056 45.1779 51.8116 54.72 57.2899 60.9337 59.1691 60.046 58.206 55.2909 51.6825 51.6825 
 
107450 79167.5 55337.1 37611.5 24706.7 16087.2 10238.5 6471.24 4075.35 2591.84 1535.91 1535.91 
100601 80542.1 57107.8 38064.1 25222.5 16362.6 10429.8 6481.64 4075.35 2553.67 1574.74 1574.74 
121006 85760.2 59468.3 39301.8 25454.8 16095.6 10266.9 6678.84 4075.35 2553.67 1564.24 1564.24 
120404 85564.5 61581.4 39278.3 25980.6 16362.6 10450.5 6574.83 4039.27 2553.67 1577.22 1577.22 
123444 86991.2 60716.2 40555.9 26231.8 16925.2 10458.8 6574.83 4081.07 2582.13 1556.48 1556.48 
122878 90572.6 61359.6 40859.2 26492.9 16938.4 10555 6678.84 4081.07 2553.67 1582.44 1582.44 
128993 93095.4 61359.6 41580.9 26493.2 16938.4 10651.4 6678.84 4087.02 2582.13 1587.76 1587.76 
125576 93630.4 62866.6 42122.4 27017.5 17216.9 10660.5 6585.38 4063.41 2515.68 1561.76 1561.76 
130730 95072 64478.1 41842.5 26758.8 16938.4 10748 6597.17 4057.02 2563.71 1567.12 1567.12 
124358 96875.9 65134.8 42612.3 27280.2 17255.1 10844.7 6806.22 4159.61 2591.84 1587.76 1587.76 
