976.563 1953.13 3906.25 7812.5 15625 31250 62500 125000 250000 500000 1e+06 
27.0475 30.9178 38.3731 45.0861 48.9277 53.0874 54.7803 56.3653 56.1955 54.383 48.989 48.989 
29.2719 35.081 42.3426 47.5372 51.9873 54.7222 56.0581 56.3241 56.9223 53.588 49.3371 49.3371 
29.914 37.6734 43.4592 49.3812 53.5335 55.5175 56.698 57.8554 56.9897 56.0047 48.6244 48.6244 
25.4517 37.8851 44.2273 49.9479 52.8568 56.3194 58.6538 57.4368 58.2023 53.588 49.5125 49.5125 
29.0317 39.4831 45.1037 50.2489 52.9162 56.3243 57.9788 57.4368 57.5961 54.9865 49.8661 49.8661 
31.6223 38.7379 45.3437 49.7786 53.6877 57.1128 57.9788 58.9439 58.2796 56.0047 49.5125 49.5125 
29.0812 40.3386 44.1072 50.6508 53.6877 57.1128 58.6196 58.9181 57.5239 56.0047 50.0569 50.0569 
33.0303 41.1833 46.2549 50.8562 55.087 57.1121 58.5853 59.6696 58.2023 53.588 50.7841 50.7841 
29.5046 39.0736 45.4219 50.9221 54.4034 57.1115 58.5853 58.4369 58.2023 56.0047 49.6888 49.6888 
33.545 39.2416 47.4712 50.9869 53.1348 57.497 57.9218 58.5091 58.8082 54.7836 49.6888 49.6888 
 
60597 51185.7 38523.5 27632.9 19032.1 12520.6 8172.54 5242.77 3281.95 2077.78 1305.25 1305.25 
68349 58842.5 40401.4 28390.7 19157.7 12678.3 8173.88 5340.95 3217.89 2035.36 1280.97 1280.97 
73741.7 57659.8 42203.8 29241.6 19364.1 12672.8 8175.81 5150.91 3184.14 1979.03 1289.21 1289.21 
80264.1 54437.7 43316.4 29449.3 19633.4 12757.6 8095.2 5247.2 3192.19 2035.36 1268.89 1268.89 
78670.5 62359.9 43900.4 30448.5 19883.4 12845.9 8182.2 5247.2 3188.03 1971.78 1244.82 1244.82 
79055.3 56440.4 44615.3 30487.9 20115.3 12933.3 8182.2 5157.12 3158.47 1979.03 1268.89 1268.89 
82851.1 62784.1 46663.5 30160.3 20115.3 12844.8 8186.67 5189.8 3221.81 1979.03 1272.83 1272.83 
79624 63222.3 45453.7 30912.8 19835.2 13110.5 8278.32 5162.08 3192.19 2035.36 1264.78 1264.78 
82474.6 67208.9 44854 31164 20099.6 13199.2 8278.32 5351.61 3192.19 1979.03 1256.84 1256.84 
84110.2 61683.6 45232.9 31415.6 20887.2 13199.7 8365.54 5253.08 3196.62 2006.94 1256.84 1256.84 
