976.563 1953.13 3906.25 7812.5 15625 31250 62500 125000 250000 500000 1e+06 
28.3237 35.735 42.7928 48.5198 52.1667 55.647 57.6113 57.874 57.0196 55.2301 48.1311 48.1311 
28.6481 38.8775 45.0548 50.1975 53.2153 55.8129 58.4043 58.3164 57.7504 55.2843 47.9993 47.9993 
28.0994 40.0703 45.5824 51.1857 53.2153 57.2483 58.4043 59.6446 58.5367 55.6861 48.6261 48.6261 
33.7127 41.4443 47.0256 51.3034 54.3355 57.2691 58.3999 59.63 57.7504 56.0876 49.3945 49.3945 
31.5849 42.1309 47.6548 52.1213 55.234 57.7883 59.1839 60.0524 58.4259 56.0289 48.6261 48.6261 
34.3369 42.7853 47.4407 52.227 55.3164 58.2802 59.1697 60.51 59.1488 56.0876 50.8079 50.8079 
35.0151 43.8724 48.5906 53.0082 55.3962 58.7566 59.9448 60.4896 59.1488 56.55 50.0246 50.0246 
34.7946 43.8724 48.2491 53.494 56.3381 58.3037 59.9213 60.4692 58.4259 56.0289 48.7633 48.7633 
34.6788 41.9047 49.0992 53.2877 56.3381 59.2383 59.9213 60.9036 59.9417 56.8896 49.3945 49.3945 
36.5411 43.41 49.3906 53.3775 56.4014 59.2429 59.8978 60.4692 59.9417 56.4278 48.9015 48.9015 
 
53928.1 42426.1 32309 22278.1 15012.3 9622.66 6252.35 3927.66 2419.69 1519.09 980.898 980.898 
54348.9 46059.8 32925.7 22905.5 15223.2 10046.4 6252.27 3927.96 2421.54 1508.5 991.742 991.742 
65553 48148.3 34687.6 23599.6 15223.2 9947.64 6252.27 3930.07 2392.85 1509.96 994.064 994.064 
65043.4 50157.1 34946.2 23848.8 15684.4 10032.7 6338.92 3960.46 2421.54 1511.48 985.623 985.623 
59955.8 51579.2 35361.8 24301.6 15659.7 10200 6339.96 3992.02 2454.66 1522.08 994.064 994.064 
69269.8 53010.3 36724.2 24552.1 15905.9 10282.9 6426.81 3962.89 2457.19 1511.48 979.895 979.895 
70638.8 53440.9 36517 25011.1 16152.4 10281.1 6428.93 3993.34 2457.19 1502.48 988.134 988.134 
71738.8 53440.9 37634.8 24718.6 16379.2 10454 6515.98 4023.83 2454.66 1522.08 983.211 983.211 
69953 55048.1 37747.5 25767.1 16379.2 10365.4 6515.98 4025.35 2429.06 1514.71 985.623 985.623 
72311.3 54450 38488.5 26019.7 16626.9 10451.1 6603.18 4023.83 2429.06 1523.67 972.384 972.384 
