976.563 1953.13 3906.25 7812.5 15625 31250 62500 125000 250000 500000 1e+06 
36.2549 40.8059 45.638 51.0049 56.9486 59.4184 61.1112 60.8648 61.8113 59.379 55.0887 55.0887 
43.594 42.4019 46.7326 52.5509 56.9984 61.1727 61.5543 63.7273 62.3901 58.7627 55.0887 55.0887 
31.8576 44.8914 49.2098 53.0701 56.4764 60.2955 62.524 64.4645 61.8993 58.9766 55.6371 55.6371 
34.7916 44.7801 49.2098 53.1676 58.0275 60.2657 62.524 65.3176 62.975 59.8214 54.8008 54.8008 
37.0792 46.1866 50.2478 52.9514 57.046 61.1321 62.524 64.5916 62.8804 59.599 55.2704 55.2704 
32.5418 43.3329 44.5862 52.1784 57.5411 60.2359 62.4725 64.339 63.0702 59.599 55.1623 55.1623 
39.2044 44.2742 50.4212 54.0147 57.5608 60.2059 62.4213 64.339 62.8804 59.8214 55.4532 55.4532 
42.9026 44.5649 49.6377 53.3242 58.0914 61.9982 63.377 65.1827 62.7865 59.8214 56.1108 56.1108 
44.7563 46.869 49.178 54.3042 58.0914 61.0516 63.377 65.1827 63.9596 60.6637 56.9652 56.9652 
38.507 44.4336 50.279 54.3042 57.5987 61.0516 63.3199 64.2151 64.4508 59.599 55.2704 55.2704 
 
117190 94852.1 66805.7 46455.2 28724.5 18217.5 11196.5 6978.11 4083.5 2501.58 1489.25 1489.25 
119661 94545.6 68110.7 44014.5 29257.1 18236.4 11300.7 6709.31 4055.1 2456.24 1489.25 1489.25 
129882 100052 66391.5 44775.4 29270.6 18225.2 11319.8 6825.25 4048.75 2420.42 1453.02 1453.02 
131745 97394 66391.5 46979 28969.5 18504.7 11319.8 6840.87 4026.98 2429.71 1472.49 1472.49 
136781 91958.8 67758.9 45897.1 29791.4 18516 11319.8 6723.72 4061.67 2465.56 1477.14 1477.14 
147629 93864 70722.6 47115.3 29512.8 18784.9 11415.6 6927.15 3992.37 2465.56 1448.39 1448.39 
134782 93205.5 68552.3 46041.3 29780.3 19065.9 11511.6 6927.15 4061.67 2429.71 1465.07 1465.07 
134052 103051 71362.2 47793.4 30039.2 18530.8 11533.4 6942.81 4096.44 2429.71 1457.75 1457.75 
132876 99585.3 72379.8 47670.6 30039.2 19077.5 11533.4 6942.81 4040.77 2439.39 1438.53 1438.53 
128552 89493.1 71148.7 47670.6 30316.5 19077.5 11629.6 7029.44 4048 2465.56 1477.14 1477.14 
