976.563 1953.13 3906.25 7812.5 15625 31250 62500 125000 250000 500000 1e+06 
44.6963 48.8032 52.5442 57.7516 60.9531 63.1226 65.8194 67.2977 65.0308 62.7233 65.8515 65.8515 
40.6468 51.7343 51.6369 56.2149 63.6828 63.2749 66.3161 64.9959 64.4735 72.5935 70.9245 70.9245 
34.2898 52.6829 46.1222 56.1428 63.6617 61.2346 63.8118 65.2316 64.6709 62.9627 92.7383 92.7383 
38.1412 45.7746 49.6441 55.418 62.3684 62.0304 65.4966 65.3617 65.1333 61.9926 85.5203 85.5203 
41.2768 44.8284 59.5896 58.0693 61.1747 64.3721 65.4212 66.4773 64.009 61.7657 73.0315 73.0315 
37.1273 52.8457 55.8704 57.3259 59.223 62.1546 64.1781 65.3617 65.1333 60.8039 68.3405 68.3405 
0 0 0 0 0 0 0 0 0 0 0 0 
36.0165 48.8457 48.6023 56.991 60.9749 61.2346 65.3467 66.4773 64.5717 61.7657 65.8515 65.8515 
38.2886 46.3363 48.466 57.043 61.5278 64.1816 65.3467 65.2316 64.4735 61.5428 68.3405 68.3405 
46.5287 52.7051 52.9462 58.8138 61.501 65.1609 65.7422 65.2316 64.3764 61.5428 65.8515 65.8515 
 
51339 92573.4 65800.8 40023.1 24941.8 15463.5 9291.73 5522.28 3230.53 1915.1 858.774 858.774 
52375.5 49055.4 43066.7 31511.3 9753.64 7104.5 3850.05 5521.31 3224.91 675.317 111.555 111.555 
66609.2 51100.6 60323.2 38303.3 19291.7 15168.9 8982.04 5587.68 3162.23 1883.22 658.711 658.711 
60086.2 85444.4 64053.5 38590.2 22971.4 15967.8 9014.46 5494.45 3199.17 1875.5 694.5 694.5 
69439.5 91133.2 57001.1 39000.9 22452.7 14705.7 9102.68 5414.78 3188.17 1907.39 790.158 790.158 
53242.8 86254.5 57191.4 39020.1 25173.6 15444.6 9257.27 5494.45 3199.17 1900.12 828.345 828.345 
0 0 0 0 0 0 0 0 0 0 0 0 
80667.9 85840.7 62006.7 39537.8 24691.7 15168.9 9191.03 5414.78 3193.54 1907.39 858.774 858.774 
82605.1 79967.8 61280.9 40297.7 24952.3 15225.5 9191.03 5587.68 3224.91 1939.4 828.345 828.345 
54557.7 84808.3 63488.7 38987.8 25202.7 15252.3 9380.31 5587.68 3256.33 1939.4 858.774 858.774 
