42375 976.563 0.57115 0.282252 9821.7 0.647436 
42375 1953.13 1.7078 0.265458 9887.2 0.678122 
42375 3906.25 3.11609 0.242546 9864.35 0.385796 
42375 7812.5 6.57791 0.125091 9771.42 0.514603 
42375 15625 12.6808 0.0924335 9561.73 0.707406 
42375 31250 24.0101 0.1452 8833.25 0.470313 
42375 62500 41.5709 0.36288 7268.12 1.05516 
42375 125000 59.1619 0.328465 4701.09 0.528794 
42375 250000 70.6152 0.636948 2597.53 0.825359 
42375 500000 75.0164 0.248803 1364.41 0.30977 
42375 1e+06 70.2857 0.679511 712.311 0.513125 
