976.563 1953.13 3906.25 7812.5 15625 31250 62500 125000 250000 500000 1e+06 
31.6 38.9469 45.8304 50.7429 53.0987 57.6767 58.9281 59.1493 59.3654 56.435 50.2386 50.2386 
33.3554 42.5018 48.3397 52.5078 55.4955 57.6975 58.8925 59.9038 58.7497 56.435 49.8434 49.8434 
35.539 44.4951 48.7789 53.7225 56.2387 58.898 60.1567 60.273 58.625 56.435 50.3905 50.3905 
38.2162 44.9908 49.8913 53.7963 56.3423 58.5125 60.8342 61.4082 60.054 56.6205 51.0935 51.0935 
38.0721 45.3216 49.6528 54.8886 57.0703 59.2992 59.5155 60.5943 59.9807 57.6589 50.3905 50.3905 
39.4359 45.4689 52.3478 54.8886 56.4402 59.6927 60.0963 60.9081 59.9079 57.2625 51.2515 51.2515 
37.6341 47.1912 52.872 54.1491 57.1917 59.6852 60.1567 61.6603 60.5175 56.435 51.2515 51.2515 
40.3409 47.5848 50.3493 55.138 57.8656 59.6852 60.0963 62.0548 61.1266 57.2625 51.0935 51.0935 
39.5701 46.8077 51.6589 55.2573 58.6268 59.6769 61.3546 61.9921 59.7637 56.435 51.9673 51.9673 
38.976 46.854 52.5391 55.3733 57.3034 59.674 61.3546 60.3572 60.4402 58.6945 51.4105 51.4105 
 
74341.9 59863.4 42701.5 29126 18988.1 12360.8 7747.86 4920.53 3000.82 1857.98 1202.7 1202.7 
85437.9 62470.2 44558.8 29745.9 19412.5 12535.6 7926.61 4892.12 2997.41 1857.98 1188.19 1188.19 
89193.6 65837.4 45809.7 30430.4 19393 12531.3 8023.01 4893.92 3061.99 1857.98 1191.32 1191.32 
91522.9 67319.2 47186.4 30687.3 19897.4 12795.2 7937.94 4868.78 2972.3 1824.79 1183.17 1183.17 
94503.9 70585.5 46429.8 31128.4 19881.4 12794.2 8019.19 4959.04 3004.51 1830.98 1191.32 1191.32 
95160.9 68807.9 49113.8 31128.4 20403.4 12794.5 8202.88 5024.52 3036.8 1897.55 1171.84 1171.84 
94914 72289.7 47419.8 31975.9 20641.6 13058.5 8023.01 4997.65 3040.79 1857.98 1171.84 1171.84 
96241.9 71270.8 48705.3 32162.8 20375 13058.5 8202.88 4968.64 3045.05 1897.55 1183.17 1183.17 
102635 73314.1 50051 32681.5 20873.7 13323.3 8213.17 5032.01 3101.61 1857.98 1163.81 1163.81 
104184 75858.8 49881.3 33201.3 21405.3 13411.7 8213.17 5277.14 3073.17 1837.64 1160.53 1160.53 
