976.563 1953.13 3906.25 7812.5 15625 31250 62500 125000 250000 500000 1e+06 
28.5834 31.3941 39.0593 46.5475 51.1624 54.7222 55.4189 58.6287 57.5961 54.7836 49.5125 49.5125 
25.3914 36.2986 43.9147 49.4637 54.2737 56.3243 58.007 57.4368 57.5961 54.7836 49.1397 49.1397 
29.8497 38.3795 45.6515 50.8562 55.1206 57.1126 57.9504 59.3618 57.5961 54.7836 50.6001 50.6001 
33.0592 40.8271 47.6686 51.7896 54.4434 56.7262 58.5853 59.5816 58.8904 54.7836 50.7832 50.7832 
33.9815 41.6234 48.0444 51.5068 55.2134 57.8827 58.5165 59.5816 58.8904 54.9865 50.7832 50.7832 
33.3928 41.822 48.2233 52.1293 55.2134 58.2534 59.8093 59.9702 58.8082 57.2517 50.418 50.418 
34.2164 41.822 48.2233 53.028 55.93 58.2456 59.7636 59.9392 58.7265 54.9865 49.8661 49.8661 
33.051 43.3198 47.8949 53.1208 55.95 58.9802 60.387 60.654 59.3272 55.789 51.3416 51.3416 
32.948 43.1451 48.8846 53.6073 56.644 59.3699 60.3359 60.654 60.1106 56.2226 51.3416 51.3416 
33.8379 43.4392 48.727 53.6485 56.6552 58.968 60.3359 60.5508 60.0188 56.2226 50.6001 50.6001 
 
57829 53412.7 40428.3 28494.8 18935.8 12678.3 8172.79 5089.68 3188.03 2006.94 1268.89 1268.89 
77685.9 59851 43382.8 29490.4 19347.3 12845.9 8090.8 5247.2 3188.03 2006.94 1253 1253 
84687.7 65182.5 45571.1 30912.8 20086.7 13021.8 8273.78 5094.25 3188.03 2006.94 1236.73 1236.73 
81230 66448.6 45957.4 30844.6 20351.2 13199.3 8278.32 5260.41 3162.87 2006.94 1224.76 1224.76 
83781 66897.2 47410.6 31633.4 20843.5 13200.6 8462.15 5260.41 3162.87 1971.78 1224.76 1224.76 
89908.4 67587.3 48139.2 32360 20843.5 13380.1 8381.87 5230.3 3196.62 1951.65 1248.73 1248.73 
92475.5 67587.3 48139.2 32303.1 21087.6 13469.2 8473.99 5263.12 3230.46 1971.78 1244.82 1244.82 
95075.2 70838.9 50478.6 32811.3 21341.3 13652.6 8481.15 5269.2 3235.19 2014.25 1228.74 1228.74 
102502 70140.6 51066.9 33040.8 21589.7 13566.4 8573.5 5269.2 3172.52 1943.98 1228.74 1228.74 
97639.3 73851.1 50333 33295.7 21844.4 13742.1 8573.5 5367.99 3206.32 1943.98 1236.73 1236.73 
