976.563 1953.13 3906.25 7812.5 15625 31250 62500 125000 250000 500000 1e+06 
46.5034 58.3877 57.0185 59.9334 63.0439 63.9095 65.5906 66.9878 64.7298 61.1084 70.0028 70.0028 
43.0068 44.9563 61.0976 54.1059 62.1732 63.4748 63.2537 64.7335 63.1975 84.3495 64.9913 64.9913 
44.2625 52.4929 57.1064 62.2603 63.4862 67.019 63.8118 63.9343 63.9977 78.9894 67.5443 67.5443 
35.8393 50.5678 48.0961 50.1323 64.6036 65.2383 68.9859 66.0471 64.7298 64.8494 82.1682 82.1682 
41.8131 51.8182 59.7315 54.4514 65.2056 60.9944 66.1232 66.0471 64.091 64.6252 79.088 79.088 
45.4416 61.6359 56.1522 58.5419 63.1663 67.9338 65.666 66.0471 64.6316 61.1084 89.1451 89.1451 
31.4096 54.5236 54.6709 60.6247 61.9453 66.8446 65.5906 64.9783 64.091 60.8966 70.0159 70.0159 
0 0 0 0 0 0 0 0 0 0 0 0 
31.7535 58.3877 55.8372 59.2226 62.4594 63.9985 65.0572 66.0471 64.7298 61.8077 72.634 72.634 
30.9136 48.7351 51.4513 55.4727 60.867 68.236 65.0572 66.0471 64.6316 62.0307 70.6479 70.6479 
 
77816.1 91327.2 63819.7 41778.2 26252 16009.5 9557.87 5708.88 3324.98 2003.79 851.685 851.685 
57872.4 45221.4 51059 32365.6 10607.8 6617.91 4929.41 5963.39 3472.72 307.87 89.25 89.25 
58702.4 65243.9 57102.9 37229.1 16360.5 8794.58 8982.04 5857.13 3382.67 461.364 155.62 155.62 
56722.5 75705.9 66666 48512.6 10944.6 7120.28 6008.56 5694.39 3324.98 408.589 124.092 124.092 
65650.3 99848.8 65956.1 45786.5 24065.1 16477.8 9570.73 5694.39 3350.99 1931.83 309.428 309.428 
65287.1 85336.9 60893.8 42043.2 25498.6 15616.3 9469.03 5694.39 3356.59 2003.79 690.072 690.072 
59403.2 95521.1 67776.8 42292.5 26219.6 15838.9 9557.87 5774.97 3350.99 2036.18 875.72 875.72 
0 0 0 0 0 0 0 0 0 0 0 0 
60018.2 91327.2 66157.9 41016 26486.4 15747.6 9545.73 5694.39 3324.98 2043.85 823.274 823.274 
69660.3 95589 67485.2 46497.4 25944.4 15096.7 9545.73 5694.39 3356.59 2011.48 856.436 856.436 
