976.563 1953.13 3906.25 7812.5 15625 31250 62500 125000 250000 500000 1e+06 
0.206753 1.80897 3.41127 6.50756 12.6976 24.3988 40.8439 59.6252 70.1964 74.5192 71.7127 71.7127 
0.402347 2.03379 3.41127 6.24133 12.7134 23.9659 41.5072 59.6252 71.0557 74.3501 67.8729 67.8729 
0.812019 1.63372 3.01777 6.50756 12.363 23.9659 41.5072 59.246 70.0269 74.1008 69.7899 69.7899 
0.593755 1.63372 3.01777 6.24133 12.6976 24.2465 42.3306 59.6252 69.3497 74.2695 69.7899 69.7899 
0.621608 1.85972 3.56208 6.50756 12.6976 23.9659 41.1754 59.246 70.1964 74.1008 69.7899 69.7899 
0.812019 1.45464 3.41127 6.61628 12.6976 23.9659 41.1754 59.6252 70.0269 74.69 69.4191 69.4191 
0.593755 2.03379 3.25707 6.50756 12.7134 23.8191 40.3583 59.246 70.1964 75.1087 68.2294 68.2294 
1.21863 2.03379 3.56208 6.24133 12.6976 24.2465 41.1754 59.246 70.0269 74.5192 69.7899 69.7899 
0.593755 1.85972 3.17344 6.61628 13.0159 24.3988 41.6691 59.6432 70.1964 74.69 69.0132 69.0132 
0.206753 1.85972 3.41127 6.61628 12.363 24.3988 41.1754 59.246 70.1964 74.1008 69.7899 69.7899 
 
9728.68 10001.6 9902.54 9861.98 9673.26 8995.18 7213.26 4733.39 2603.37 1368.36 716.348 716.348 
9836.58 9932.41 9902.54 9927.13 9782.92 9039.56 7192.27 4733.39 2580.36 1378.34 716.958 716.958 
9874.21 9893.41 9861.4 9861.98 9619.99 9039.56 7192.27 4731.98 2634.41 1364.33 716.343 716.343 
9944.63 9893.41 9861.4 9927.13 9673.26 9107.68 7256 4733.39 2626.83 1354.36 716.343 716.343 
9766.06 9824.14 10011.7 9861.98 9673.26 9039.56 7380.2 4731.98 2603.37 1364.33 716.343 716.343 
9874.21 9785.37 9902.54 9973.18 9673.26 9039.56 7380.2 4733.39 2634.41 1358.4 726.03 726.03 
9944.63 9932.41 9793.48 9861.98 9782.92 9152.18 7318.12 4731.98 2603.37 1362.5 707.219 707.219 
9912.34 9932.41 10011.7 9927.13 9673.26 9107.68 7380.2 4731.98 2634.41 1368.36 716.343 716.343 
9944.63 9824.14 9970.36 9973.18 9617.2 8995.18 7275.9 4702.08 2603.37 1358.4 711.722 711.722 
9728.68 9824.14 9902.54 9973.18 9619.99 8995.18 7380.2 4731.98 2603.37 1364.33 716.343 716.343 
