976.563 1953.13 3906.25 7812.5 15625 31250 62500 125000 250000 500000 1e+06 
28.5939 36.3981 41.0609 45.8147 50.2719 55.6616 57.3475 60.5745 60.3935 58.3368 55.106 55.106 
28.0812 36.7755 43.307 46.9442 50.7858 55.5771 58.4181 60.5745 60.3935 58.7581 54.435 54.435 
28.7067 37.095 41.9074 47.4687 51.4807 55.6616 58.9468 59.595 61.0701 58.7581 54.9243 54.9243 
31.8204 38.308 42.2379 47.6771 50.963 54.745 58.3967 60.5745 61.5886 58.9723 55.106 55.106 
30.7031 37.6709 42.8743 47.1604 51.4807 55.6205 58.4181 60.495 61.0701 57.679 54.435 54.435 
33.9477 37.7174 42.8743 47.7793 51.5631 55.6616 58.9468 60.5745 61.6751 58.9723 54.435 54.435 
31.9835 38.6071 42.8743 47.7793 52.0879 56.6055 58.972 61.4852 61.5886 58.7581 55.289 55.289 
30.0723 39.1987 43.7012 47.9798 51.6437 57.5777 59.4756 61.6687 61.5886 58.086 55.289 55.289 
31.757 38.9038 43.7012 47.576 52.2403 56.658 59.5047 61.4852 61.0701 58.9723 54.1204 54.1204 
35.1593 38.9011 42.5602 48.189 52.2403 57.6055 58.9215 60.495 60.9876 58.9723 53.9445 53.9445 
 
85365.3 64863.8 49657.7 35443.3 24285.1 16025.8 10208.5 6262.32 3819.24 2375.92 1379.76 1379.76 
91188.5 67353 48069.2 34981.6 23990.9 15484.7 10121.3 6262.32 3819.24 2305.16 1387.26 1387.26 
88348.4 68059.9 49364.3 35171 24210.1 16025.8 10125.4 6353.87 3756.4 2305.16 1391.61 1391.61 
84976.6 69113.7 50098.7 35682.9 24502.4 16310.1 10214.8 6262.32 3761.94 2270.01 1379.76 1379.76 
91216.9 65899.5 51575.3 35492 24210.1 15754.9 10121.3 6362.07 3756.4 2332.06 1387.26 1387.26 
86824.3 69481.1 51575.3 35939.3 24466.5 16025.8 10125.4 6262.32 3727.96 2270.01 1387.26 1387.26 
86804.9 69830.5 51575.3 35939.3 24176.1 15745.2 10032 6271.66 3761.94 2305.16 1367.93 1367.93 
82749.3 69472.6 51300.8 36453.1 24723.3 15468.5 10130.2 6073.09 3761.94 2261.68 1367.93 1367.93 
95120.9 68753.3 51300.8 36516.9 24690.1 16288.6 10036.8 6271.66 3756.4 2270.01 1371.14 1371.14 
86650.9 70549.6 50835.7 35876.4 24690.1 16011.1 10218.9 6362.07 3790.45 2270.01 1382.98 1382.98 
