976.563 1953.13 3906.25 7812.5 15625 31250 62500 125000 250000 500000 1e+06 
39.197 46.2368 54.8654 59.0723 63.743 67.5711 66.1382 66.0102 64.079 60.8744 55.7021 55.7021 
38.8849 45.7296 54.3935 60.7403 65.0399 68.1905 67.1694 65.6878 64.9321 61.4248 56.3504 56.3504 
34.7329 46.8392 56.2307 60.8344 65.7605 67.392 66.7978 67.0759 65.1832 59.9487 55.2854 55.2854 
35.675 46.7797 53.4517 61.7004 65.3045 66.8805 67.092 66.3798 64.2905 60.2138 55.7125 55.7125 
40.4763 49.2651 55.7244 61.8157 65.831 68.0158 67.6745 67.4503 64.4122 60.2138 57.1718 57.1718 
38.7572 51.6341 56.2003 63.492 64.9126 68.85 67.2925 66.3798 63.8979 60.4818 56.5832 56.5832 
36.1184 44.8607 55.7053 62.7928 65.4403 67.0284 67.7782 66.5585 65.3054 61.6594 56.5832 56.5832 
39.51 47.1414 56.285 60.929 65.974 68.85 67.394 67.4503 64.6581 60.4818 56.3633 56.3633 
38.7131 49.5992 56.6707 60.929 66.0464 67.0284 67.4965 67.6416 64.9077 61.9431 55.8448 55.8448 
45.5992 51.3869 55.743 61.7004 66.0464 68.0158 68.0951 66.5585 64.9077 59.5814 56.5832 56.5832 
 
149097 142848 96935.2 62936 37366.6 21960.3 12778.2 7588.68 4443.94 2581.77 1511.81 1511.81 
203891 147826 96976.4 60506.8 35504.1 20795.3 12197.7 7243.52 4185.69 2505.58 1473.53 1473.53 
219675 142538 93648.3 58841 34446.1 20739 12077.5 6946.44 4112.85 2444.44 1431.89 1431.89 
193923 149615 97075.6 58063.9 34404.8 20108.7 11780.4 6819.31 4058.93 2406.96 1406.82 1406.82 
206643 146120 92878.8 56408.5 34172.4 19588.7 11702.6 6736.13 4022.81 2406.96 1392.59 1392.59 
170816 138286 92055 56543.5 34091.5 19645.4 11583.4 6819.31 4014.35 2369.69 1357.15 1357.15 
186056 148329 92083.3 54822.3 33857.7 19821.6 11604.2 6714.42 3923.69 2343.93 1357.15 1357.15 
210214 142389 96845.9 57182.8 33626.2 19645.4 11485.2 6736.13 3950.86 2369.69 1369.51 1369.51 
151942 136655 90441.7 57182.8 33353.7 19821.6 11387.3 6631.67 3879.32 2307.01 1364.32 1364.32 
150729 133719 93675.2 58063.9 33353.7 19588.7 11310.3 6714.42 3879.32 2358.76 1357.15 1357.15 
