976.563 1953.13 3906.25 7812.5 15625 31250 62500 125000 250000 500000 1e+06 
37.5919 47.0269 55.0318 62.3969 63.0403 65.1822 67.0269 67.3317 65.266 63.3613 57.3495 57.3495 
43.8493 47.692 53.3455 61.4773 63.5486 65.2715 65.9045 67.1736 65.266 61.3728 57.1538 57.1538 
42.1831 48.127 56.9167 61.5117 64.0074 65.1822 66.3851 67.0179 64.8733 61.3728 57.1538 57.1538 
49.8062 51.5486 57.3938 61.4773 63.524 66.112 66.3084 67.1736 65.266 62.49 58.2498 58.2498 
45.9728 49.6011 57.1146 60.6947 64.4906 66.9507 67.344 67.1736 64.8733 61.3728 57.7454 57.7454 
38.0995 50.6852 57.5763 60.6502 63.9797 66.842 66.3084 67.1736 65.9919 61.1335 56.8496 56.8496 
53.6449 52.2422 57.0206 60.6947 64.939 66.842 66.7852 66.1688 65.4869 62.2385 57.848 57.848 
74.2291 52.451 56.0153 60.7382 64.4906 66.842 67.344 66.315 65.266 61.3728 57.5467 57.5467 
45.5063 51.4961 57.2991 64.2369 64.4288 66.9507 66.2324 67.1736 64.8733 63.6254 57.2395 57.2395 
43.536 51.0555 58.3026 62.4629 64.9051 66.0129 67.2612 68.0298 65.8778 61.3728 58.9587 58.9587 
 
166267 142754 84255 52097.8 32223 19468.5 11246.8 6672.88 3951.8 2317.88 1346.12 1346.12 
158060 137208 84779.5 52123.8 31964 19186.3 11407.1 6774.05 3951.8 2332.72 1357.87 1357.87 
193214 130090 80336.7 52961.3 32250.6 19468.5 11422.2 6875.62 3909.97 2332.72 1357.87 1357.87 
161183 160725 84485.5 52123.8 32235.9 19218.2 11518 6774.05 3951.8 2307.48 1327.38 1327.38 
186218 118608 87131.4 54679.8 32267.3 19253.4 11454.2 6774.05 3909.97 2332.72 1322.73 1322.73 
194993 125180 86155.5 53837.9 32522.9 19535.3 11518 6774.05 3890.78 2368.11 1341.55 1341.55 
174198 118597 86294.5 54679.8 32557.9 19535.3 11533.7 6857.67 3883.11 2342.72 1350.78 1350.78 
178086 125735 87428.9 55524 32267.3 19535.3 11454.2 6756.1 3951.8 2332.72 1334.41 1334.41 
173225 141405 88809.7 52079.3 32812.1 19253.4 11614 6774.05 3909.97 2282.79 1318.17 1318.17 
189484 119398 87699.9 54617.3 32830.5 19500.2 11550 6793.19 3925.08 2332.72 1320.46 1320.46 
