976.563 1953.13 3906.25 7812.5 15625 31250 62500 125000 250000 500000 1e+06 
15.135 29.947 38.2213 45.5381 51.4787 55.5274 56.7301 57.8958 56.9897 54.7836 49.8779 49.8779 
22.7207 32.4829 39.9033 48.5876 53.5868 56.3243 58.0629 59.0723 57.6685 53.9664 49.6888 49.6888 
22.2323 33.8231 41.1471 47.9115 53.6877 56.7185 58.007 59.021 57.6685 56.2226 48.9671 48.9671 
22.345 32.8878 41.8525 48.9239 54.3618 57.9067 58.6538 59.4445 57.814 53.9664 49.5125 49.5125 
23.2669 33.519 42.4394 49.4653 54.4034 57.1128 59.3409 58.6526 57.0572 53.9664 49.5125 49.5125 
24.3534 34.7283 42.7132 49.0043 55.8392 57.8976 59.3409 59.4169 57.7411 55.1911 49.8661 49.8661 
23.9032 34.1398 43.6078 49.8538 55.1528 58.2972 59.3409 59.7872 58.4352 55.1911 50.418 50.418 
23.5929 34.4168 42.7132 50.9869 55.1838 57.5051 59.3006 59.7872 58.4352 55.1911 50.418 50.418 
22.6681 34.7037 43.5662 50.2101 54.4434 58.2831 58.6538 59.7578 57.7411 54.9865 49.6888 49.6888 
25.2022 35.9559 43.8615 50.6609 55.8392 58.6736 59.3006 59.7872 58.5134 53.9664 49.6888 49.6888 
 
63068.6 52526.9 40918.4 29641.6 19929.5 12760.9 7993.49 5085.78 3184.14 2006.94 1284.93 1284.93 
64984.2 55304.9 42804.5 29826.4 19614.1 12845.9 7908.51 4994.36 3154.33 1965 1256.84 1256.84 
65430.3 57862.7 43258.4 30664.1 20115.3 12845.1 8090.8 5059.33 3154.33 1943.98 1265.04 1265.04 
73559.8 59160.7 44114.5 30821.6 19848.5 12757.3 8095.2 4996.68 3087.21 1965 1268.89 1268.89 
76245.5 60443.6 44743.7 31028.8 20099.6 12844.8 8009.1 5057.14 3150.48 1965 1268.89 1268.89 
69809.2 61419.5 45449 31071.1 20076.5 12934.4 8009.1 5029.16 3120.73 1936.79 1244.82 1244.82 
73808.7 58507.9 45240.4 30738 20338.6 12847.1 8009.1 5031.66 3091.28 1936.79 1248.73 1248.73 
76811.9 62384.3 45449 31415.6 20590.8 12933.6 8100.46 5031.66 3091.28 1936.79 1248.73 1248.73 
78690.5 63035.3 46018.3 31991.9 20351.2 13024.4 8095.2 5064.2 3120.73 1971.78 1256.84 1256.84 
76107.2 60807.4 45951 31954.7 20076.5 13026.3 8100.46 5031.66 3057.82 1965 1256.84 1256.84 
