976.563 1953.13 3906.25 7812.5 15625 31250 62500 125000 250000 500000 1e+06 
20.6548 36.5174 44.8476 51.1642 56.1204 58.3733 60.4593 60.1449 60.3453 56.4012 51.926 51.926 
28.6177 38.8385 46.7053 52.325 56.7306 59.3823 60.4593 61.1441 59.2162 56.8557 51.0821 51.0821 
29.2268 38.4357 43.6105 52.898 57.3323 59.3823 61.0316 61.1441 59.2162 55.9018 50.3786 50.3786 
27.876 40.1697 46.8676 53.5585 57.9266 61.4807 62.3106 61.0309 59.2162 56.8557 51.6011 51.6011 
29.1671 38.7495 49.3706 53.9742 57.3299 61.4807 61.6035 62.1424 59.8724 55.6844 51.7921 51.7921 
28.4994 39.6037 46.4565 53.6848 57.9344 61.4003 61.6035 61.1441 60.4408 55.9018 51.2698 51.2698 
27.8201 38.5418 47.3285 54.0615 59.1209 62.5037 61.6665 61.0309 60.5368 58.049 51.2698 51.2698 
30.1626 38.9077 46.4565 54.1171 59.7424 61.4003 62.175 61.1441 59.8724 58.049 52.7049 52.7049 
32.5348 38.151 48.3193 54.49 59.1209 61.4003 62.175 62.1424 60.5368 56.1212 51.9841 51.9841 
29.4225 41.3076 47.474 54.49 59.7184 60.3265 62.8181 62.0161 59.9642 56.8557 52.9024 52.9024 
 
93115.7 80361.9 58045.2 38124.5 24414.4 15546.5 9421.19 5767.19 3525.76 2246.04 1384.54 1384.54 
85817.8 80618.5 56069.5 38036.3 24670.3 15558.2 9421.19 5777.97 3514.56 2173.39 1363.04 1363.04 
108017 83196.2 59148.6 39301.8 24670 15558.2 9430.38 5777.97 3514.56 2164.91 1370.99 1370.99 
105336 81484.6 56803.2 38479 24931.6 15319.5 9262.99 5878.91 3514.56 2173.39 1367.54 1367.54 
110616 88519.8 57850.5 38716.9 24929.3 15319.5 9440.34 5790.12 3485.39 2201.09 1355.18 1355.18 
100370 85684.6 58432.8 39515.8 24672.1 15593.6 9440.34 5777.97 3491.09 2164.91 1350.7 1350.7 
110532 81565.1 59012.2 39495.5 24943.2 15343.2 9346.24 5878.91 3456.52 2146.22 1350.7 1350.7 
105302 82933.2 58432.8 40015.6 24692.5 15593.6 9451.06 5777.97 3485.39 2146.22 1335.12 1335.12 
111896 84145.8 60347.8 39997.2 24943.2 15593.6 9451.06 5790.12 3456.52 2128.92 1342.86 1342.86 
112844 79377.6 59751.1 39997.2 24952.5 15848.5 9368.4 5891.15 3450.84 2173.39 1322.85 1322.85 
