976.563 1953.13 3906.25 7812.5 15625 31250 62500 125000 250000 500000 1e+06 
35.7033 48.4312 44.4698 55.8068 57.6028 60.6254 61.8311 62.7103 61.9848 59.7855 60.7626 60.7626 
47.0209 48.2873 53.6896 57.4019 59.0794 62.2078 63.2569 63.5076 62.5216 59.006 61.4317 61.4317 
38.0439 46.8294 53.9396 57.4317 59.0603 63.1717 62.8495 63.612 63.2317 60.9642 61.1496 61.1496 
27.0908 53.1544 52.7108 56.5504 59.0699 62.2729 63.8333 64.6477 63.2317 60.1713 61.0427 61.0427 
35.1146 52.1315 51.142 56.5092 60.5326 61.3396 63.7745 64.5316 63.699 60.3676 60.8621 60.8621 
40.2137 43.6227 53.9396 58.3559 59.5574 64.0912 63.7162 65.4694 63.699 60.3676 60.3766 60.3766 
46.429 46.5421 52.0509 58.3559 60.0112 63.1717 64.2363 63.7176 63.699 60.3676 63.5578 63.5578 
43.1055 45.7406 53.9985 59.283 60.0112 63.9174 64.3606 65.344 63.7867 61.1686 59.0935 59.0935 
42.6382 50.0934 53.4241 56.5896 61.0443 63.0207 64.8281 64.5316 63.7867 60.3676 61.6535 61.6535 
44.3153 47.9293 52.8511 57.4019 60.5121 64.9322 64.7626 65.4694 64.4396 61.3757 60.35 60.35 
 
89625.8 100196 73825.7 46737.9 29203.3 18600.4 11492.2 7007.73 4161.74 2518.49 1330.97 1330.97 
110110 102504 70910.6 47193 29717.4 18904.4 11430.7 7019.9 4134.21 2510.3 1324.45 1324.45 
125532 113691 73899.4 47965.4 30227.4 18391.8 11328.4 6922.42 4040.85 2458.85 1308.98 1308.98 
171004 95062.3 73320.9 48767.8 29972.2 18636.3 11258.9 6741.53 4040.85 2450.32 1346.5 1346.5 
143693 103487 75113 47995.2 29995.8 19153.2 11350.3 6838.45 4046.92 2416.42 1293.6 1293.6 
129823 115388 73899.4 47946.8 29978.2 18151.1 11441.9 6755.85 4046.92 2416.42 1289.25 1289.25 
181118 117623 72672.2 47946.8 30496.9 18391.8 11362.3 6825.23 4046.92 2416.42 1242.07 1242.07 
105496 111183 74648.4 48714.9 30496.9 18685.5 11179.4 6852.78 4013.97 2424.94 1265.76 1265.76 
123304 107847 74727.6 49541.6 29752.3 18927.4 11192 6838.45 4013.97 2416.42 1250.07 1250.07 
125185 106408 74813.7 47193 30251.2 18180.7 11283.3 6755.85 3954.54 2391.16 1226.41 1226.41 
