976.563 1953.13 3906.25 7812.5 15625 31250 62500 125000 250000 500000 1e+06 
34.3291 51.5672 54.2327 59.9202 62.3684 64.4189 65.0805 65.1362 62.9884 59.4446 60.8998 60.8998 
41.4995 49.1837 53.8276 59.5112 62.4307 64.077 64.4322 63.7898 61.0989 77.9609 64.0894 64.0894 
38.7017 48.4054 53.0959 58.7806 62.4172 65.5025 62.877 63.6799 62.3012 59.6429 79.0856 79.0856 
35.5985 50.2137 55.0606 58.6667 64.0004 63.9417 62.7244 64.1102 62.3833 59.2498 67.421 67.421 
39.0292 51.3167 58.0639 59.4966 63.7975 63.8188 65.7752 64.0334 62.9884 58.2514 62.7676 62.7676 
0 0 0 0 0 0 0 0 0 0 0 0 
30.0619 47.0579 53.6871 60.7263 61.0849 62.6188 63.7878 64.4672 63.0766 59.4446 60.2415 60.2415 
46.18 53.9268 54.5021 57.5918 62.5461 63.729 65.1563 64.4268 62.3012 59.2498 58.4994 58.4994 
45.0663 51.887 56.6624 59.5216 64.3304 64.4863 65.0805 64.3866 62.3012 59.4446 61.1291 61.1291 
47.3791 52.4082 53.0209 59.5072 60.5427 64.5203 64.3972 64.4268 62.9012 59.4446 57.6461 57.6461 
 
149493 88033.8 55858.7 36701.6 22971.4 13664.4 8116.4 4928.79 2924.74 1791.58 875.69 875.69 
49035.7 43622.1 33062 23258.7 8962.75 5410.24 3377.26 4854.03 2943.43 527.481 125.082 125.082 
51818.5 53578.1 43884.3 28701.4 9040.82 5741.75 5427.46 4945.46 2951.3 1760.04 678.151 678.151 
61606.6 80978.2 56519 34950.2 21026.7 12965.3 7906.58 4887.69 2920.4 1823.25 753.591 753.591 
79569.9 81435 56308.9 35191.5 22013.3 13306.9 8040.62 4948.68 2924.74 1817.33 829.416 829.416 
0 0 0 0 0 0 0 0 0 0 0 0 
76144.6 90207.6 51461.3 35188.9 23445.3 13630.5 8183.77 4891.07 2893.91 1791.58 838.857 838.857 
151850 81618.2 51376.9 37241.6 21733.4 13563.7 8029.52 4921.55 2951.3 1823.25 885.912 885.912 
112649 86473.8 57875.5 36451.2 22528.2 13493 8116.4 4952.06 2951.3 1791.58 865.66 865.66 
98030.6 96722 58239 35695 22445 13407.4 8193.18 4921.55 2955.64 1791.58 892.954 892.954 
