976.563 1953.13 3906.25 7812.5 15625 31250 62500 125000 250000 500000 1e+06 
25.623 37.5252 43.8753 48.8237 52.6081 55.1214 56.2918 58.0584 58.1336 55.0714 49.6953 49.6953 
31.5888 38.9625 45.4003 50.7363 52.8126 55.975 57.6136 58.4518 58.1336 56.6205 50.2386 50.2386 
29.7386 40.9429 46.7501 50.4328 53.6828 56.8027 58.2685 58.8106 58.0763 56.435 50.2386 50.2386 
34.9225 40.5769 46.8249 51.1444 53.7691 56.836 58.9457 58.7964 58.1336 55.4084 49.9924 49.9924 
33.8648 40.5259 47.3564 52.1554 54.6098 56.8521 58.2571 59.1817 58.1336 56.435 50.5435 50.5435 
35.342 42.6051 48.5379 52.3344 55.3024 57.6549 58.2685 59.1817 58.1336 54.2245 49.9924 49.9924 
32.4368 41.8375 48.3918 51.9269 56.072 57.6767 59.588 59.5528 58.1336 55.5797 50.5435 50.5435 
36.373 42.7827 48.4824 52.918 55.4329 57.6767 58.8925 60.3172 59.3654 55.239 51.0935 51.0935 
31.2626 43.7162 48.5179 53.0813 55.4955 57.6767 59.588 59.9239 59.3654 55.5797 51.0935 51.0935 
35.8126 43.4791 48.4657 52.918 56.2387 58.4867 59.5639 59.9239 58.7497 55.4084 50.6975 50.6975 
 
70904.6 53553.1 39370.9 27221.6 17745.3 11950.2 7745.27 4885.61 2994.27 1918.96 1199.56 1199.56 
71434.8 58103.4 40905.8 27810.4 18241.1 12026.4 7655.8 4823.71 2994.27 1824.79 1202.7 1202.7 
82082.8 60618.5 41408.1 28367 18460 12018.2 7745.9 4856.25 3026.5 1857.98 1202.7 1202.7 
78242.4 61664.3 42469.6 28822 18709.4 12192.2 7658.71 4887.71 2994.27 1852.24 1176.85 1176.85 
82037.6 63433.5 42889.9 28726.8 18933.3 12279.3 7835.15 4857.54 2994.27 1857.98 1179.96 1179.96 
85520.7 60709.4 43173.4 29235.8 18659.7 12186.3 7745.9 4857.54 2994.27 1880.21 1176.85 1176.85 
86343.8 62783.5 43740.8 29536.3 18639.3 12360.8 7750.68 4858.99 2994.27 1819.09 1179.96 1179.96 
86510.8 63198.5 43990.2 29447.1 19161.2 12360.8 7926.61 4830.93 3000.82 1885.53 1183.17 1183.17 
89578.5 63628.2 45058.5 29958.4 19412.5 12360.8 7750.68 4860.61 3000.82 1819.09 1183.17 1183.17 
89901.4 67168.6 45878.9 29447.1 19393 12357.3 7840.03 4860.61 2997.41 1852.24 1168.64 1168.64 
