976.563 1953.13 3906.25 7812.5 15625 31250 62500 125000 250000 500000 1e+06 
31.7143 40.5841 47.393 53.0063 58.0104 60.3252 61.1112 61.8969 60.1883 58.3415 54.0906 54.0906 
33.1936 41.9065 48.4443 53.9143 57.5004 61.2545 61.6453 61.7999 61.323 58.1339 55.0086 55.0086 
34.5769 43.1704 49.1 54.0147 58.555 61.2135 62.1369 61.7999 60.7527 59.1613 53.4576 53.4576 
34.3651 42.4865 49.1 54.0147 58.555 60.3252 62.1369 61.7999 61.2385 59.379 54.0906 54.0906 
37.2979 43.1223 49.759 54.0147 58.555 60.2955 62.1369 63.4938 61.1546 58.551 54.5501 54.5501 
33.8492 43.5091 50.1087 54.1616 58.555 61.2135 62.1369 62.6474 61.8113 58.3415 54.9081 54.9081 
35.5223 43.5613 48.8176 55.16 58.5675 61.1727 62.0879 62.7539 61.7239 58.551 54.4436 54.4436 
35.2073 43.7534 50.1087 55.2883 59.0828 61.2135 62.5759 62.7539 61.7239 58.551 54.9081 54.9081 
36.0057 43.9432 50.4463 57.0654 59.0996 61.1727 62.0393 63.6099 61.8993 58.551 54.4436 54.4436 
35.7134 43.8872 50.9233 56.2761 59.6197 62.1015 63.119 62.7539 61.8113 59.599 54.4436 54.4436 
 
112843 94095.7 67866 46167.2 28703.1 17946.6 11196.5 6785.38 4135.4 2528.37 1521.08 1521.08 
117118 96775 69205.3 45500.3 28979.1 17679.7 11109.7 6887.12 4077.36 2564.67 1530.55 1530.55 
131005 99500.5 68979.7 46041.3 28962.1 17957.7 11118.9 6887.12 4106.25 2537.76 1528.67 1528.67 
133477 100969 68979.7 46041.3 28962.1 17946.6 11118.9 6887.12 4112.18 2501.58 1521.08 1521.08 
129158 101393 68762 46041.3 28962.1 18225.2 11118.9 6912.65 4147.08 2492.22 1525.78 1525.78 
136468 102946 70351.3 46854.7 28962.1 17957.7 11118.9 6899.31 4083.5 2528.37 1501.39 1501.39 
135963 101049 70788.8 46742.4 29229 18236.4 11214.3 6797.5 4118.33 2492.22 1496.72 1496.72 
136455 101826 70351.3 47559.7 28956.6 17957.7 11224.2 6797.5 4118.33 2492.22 1501.39 1501.39 
127847 102605 71947.8 45736.9 29491.1 18236.4 11309.9 6810.79 4048.75 2492.22 1496.72 1496.72 
139952 104505 70943 47460.6 29488 17972.3 11139.2 6797.5 4083.5 2465.56 1496.72 1496.72 
