976.563 1953.13 3906.25 7812.5 15625 31250 62500 125000 250000 500000 1e+06 
20.5297 30.429 29.6769 30.0896 31.608 36.7778 42.5978 47.2856 49.7671 49.8913 51.2832 51.2832 
24.2308 24.4562 28.3602 29.5586 32.9034 37.6029 43.706 47.132 49.6745 49.5177 50.2124 50.2124 
22.3441 28.4898 27.7398 28.1649 33.552 37.7116 41.9623 47.132 50.3337 49.1561 50.2124 50.2124 
22.8649 29.6864 27.5461 29.8704 33.1151 38.2157 40.5057 47.8803 49.5743 49.5851 49.7857 49.7857 
22.5292 29.1372 27.913 29.0614 33.552 37.1233 44.3787 48.2635 50.9699 49.598 49.9083 49.9083 
21.9505 28.2442 26.7605 29.2718 32.0337 38.9947 43.9375 48.2635 50.2445 49.999 49.9083 49.9083 
19.9757 28.4741 27.532 28.0652 31.608 37.2391 43.706 48.653 50.2445 49.598 50.2838 50.2838 
20.664 26.7952 25.8338 28.8485 32.1672 38.8337 44.3787 48.653 51.6653 49.6232 49.3357 49.3357 
20.874 29.5377 28.0885 28.7269 32.9105 37.6029 45.0753 48.7237 51.6653 49.999 49.3357 49.3357 
20.2961 28.3734 26.1725 28.4674 32.2158 37.2391 42.1984 49.1177 50.9303 50.4212 49.4537 49.4537 
 
9821.44 11710.4 14189.1 11741.4 9156.29 7351.25 5105.95 3694.57 2471.01 1567.88 847.234 847.234 
18591.9 17847.2 14119.1 11715.2 9221.37 6965.55 5164.56 3637.81 2411.96 1567.47 875.784 875.784 
14685.6 16021.4 14032.5 11708.7 8911.25 7217.7 5206 3637.81 2380.59 1556.92 875.784 875.784 
13861.7 15524.8 13685.1 11212.9 9117.87 6936.55 5329.6 3571.47 2353.13 1516.53 853.547 853.547 
13520.1 15153.9 13814.8 11405.1 8911.25 7247.18 5066 3538.5 2320.04 1506.37 843.397 843.397 
13842.6 15500.9 13145.2 11472 9120.12 6730.87 4907.62 3538.5 2321.77 1496.59 843.397 843.397 
13313.8 14611.1 13402.6 11533.2 9156.29 7069.23 5164.56 3505.66 2321.77 1506.37 813.072 813.072 
12433 13469 13782.9 11338.4 8500.58 6908.29 5066 3505.66 2289.21 1486.1 831.51 831.51 
12602.2 13875 13314.8 11447.5 9393.61 6965.55 4968.09 3534.07 2289.21 1496.59 831.51 831.51 
12928.6 13873.8 13627.6 11950.7 8844.24 7069.23 5284.64 3501.4 2290.66 1476.73 821.405 821.405 
