976.563 1953.13 3906.25 7812.5 15625 31250 62500 125000 250000 500000 1e+06 
6.69273 13.1546 23.8522 41.4971 60.6239 72.4696 78.8435 79.5194 76.1451 66.4049 56.145 56.145 
6.69273 13.1546 23.8522 41.4971 60.6239 72.4696 78.8435 79.5194 76.1451 66.4049 56.145 56.145 
6.69273 13.1546 23.8522 41.4971 60.6239 72.4696 78.8435 79.5194 76.1451 66.4049 56.145 56.145 
6.69273 13.1546 23.8522 41.4971 60.6239 72.4696 78.8435 79.5194 76.1451 66.4049 56.145 56.145 
6.69273 13.1546 23.8522 41.4971 60.6239 72.4696 78.8435 79.5194 76.1451 66.4049 56.145 56.145 
6.69273 13.1546 23.8522 41.4971 60.6239 72.4696 78.8435 79.5194 76.1451 66.4049 56.145 56.145 
6.69273 13.1546 23.8522 41.4971 60.6239 72.4696 78.8435 79.5194 76.1451 66.4049 56.145 56.145 
6.69273 13.1546 23.8522 41.4971 60.6239 72.4696 78.8435 79.5194 76.1451 66.4049 56.145 56.145 
6.69273 13.1546 23.8522 41.4971 60.6239 72.4696 78.8435 79.5194 76.1451 66.4049 56.145 56.145 
6.69273 13.1546 23.8522 41.4971 60.6239 72.4696 78.8435 79.5194 76.1451 66.4049 56.145 56.145 
