976.563 1953.13 3906.25 7812.5 15625 31250 62500 125000 250000 500000 1e+06 
6.31149 11.3909 21.2059 37.7263 56.5749 69.6424 78.3805 78.1886 73.5442 63.7151 44.8929 44.8929 
6.58721 11.4739 21.0723 37.9718 56.5749 69.9309 79.4572 78.2485 73.7259 63.3679 44.9644 44.9644 
6.64257 11.1988 20.9369 37.4472 56.3284 70.2895 78.864 78.1886 73.4808 63.4778 45.2274 45.2274 
6.86241 11.2814 21.0723 37.4653 57.0464 70.2202 78.864 77.8093 73.2689 63.8233 44.8929 44.8929 
6.64257 11.1988 21.4736 37.4472 56.3284 69.9309 79.4572 77.8093 73.4488 63.3679 44.821 44.821 
6.64257 11.4739 21.0723 37.4653 57.0464 70.0716 78.864 78.5403 73.4808 63.3679 44.7723 44.7723 
6.80632 11.1988 21.0723 37.7106 57.0464 69.8595 78.864 78.5403 73.4808 63.8233 45.0354 45.0354 
6.58721 11.1988 21.0723 37.9718 56.5749 70.2202 78.864 78.1886 73.4808 63.3679 44.8438 44.8438 
6.80632 11.1988 21.0723 37.7106 56.8027 70.2202 78.864 78.9229 73.5127 64.1756 44.9644 44.9644 
6.80632 11.1988 21.0723 37.7106 56.3284 69.9309 78.2158 78.5683 73.2689 63.4778 44.8929 44.8929 
