976.563 1953.13 3906.25 7812.5 15625 31250 62500 125000 250000 500000 1e+06 
23.1087 32.0077 42.2064 49.5386 54.9379 57.9391 58.8577 58.936 57.6031 53.6633 47.8953 47.8953 
26.6756 37.5734 43.6078 51.4758 54.9775 58.7628 59.5433 59.749 57.6031 56.0307 47.8953 47.8953 
27.594 39.6305 45.6515 51.6049 55.7589 58.7628 60.1813 60.1437 57.6722 53.8462 47.8953 47.8953 
27.5763 38.496 46.5578 53.045 57.9929 60.008 59.584 59.7212 58.2571 53.6633 48.0582 48.0582 
30.4404 38.6157 47.6686 53.045 56.5231 60.008 60.2287 60.1437 58.2571 53.6633 48.0582 48.0582 
30.2919 39.7992 47.6686 53.1981 56.5231 60.4231 60.9686 60.1437 58.332 54.7413 48.4718 48.4718 
29.6121 37.5963 48.0444 54.142 57.2603 59.5793 60.8597 60.5063 58.2571 54.9394 48.639 48.639 
30.3224 39.587 48.0444 54.2254 57.2798 60.3856 61.6604 60.5063 58.9108 54.9394 48.807 48.807 
30.9979 40.6592 48.2233 53.7599 57.2705 61.2293 61.5988 60.8987 58.9108 54.9394 48.4718 48.4718 
32.7437 42.785 48.2233 54.3445 58.0003 60.3482 60.8597 60.4742 58.9915 54.9394 49.3911 49.3911 
 
65543.5 51461.6 41715.1 28206 18832.8 11964.7 7550.04 4670.08 2884.29 1820.28 1167.49 1167.49 
73876.8 59272.9 45240.4 29588.1 19082.8 12142.7 7554.95 4642.25 2884.29 1798.55 1167.49 1167.49 
75657.6 60746.5 45571.1 30090 19322.1 12142.7 7651.29 4644.59 2851.41 1786.09 1167.49 1167.49 
80821.7 63565.5 45396.7 29998.8 19054.6 12150.5 7464.64 4674.25 2887.91 1820.28 1155.75 1155.75 
83336 65856.4 45957.4 29998.8 19565.3 12150.5 7560.76 4644.59 2887.91 1820.28 1155.75 1155.75 
75953.1 65332.2 45957.4 30756.4 19565.3 12154.2 7477.1 4644.59 2855 1826.32 1170.85 1170.85 
88260.7 68696.8 47410.6 30707 19560.3 12235.4 7658.06 4679.14 2887.91 1792.07 1159.09 1159.09 
90111.9 70868.3 47410.6 31214.2 20064.7 12330.5 7484.72 4679.14 2891.83 1792.07 1147.37 1147.37 
86180.6 68064.3 48139.2 31237.4 19812.3 12251.4 7575.14 4681.85 2891.83 1792.07 1170.85 1170.85 
87998.1 68747.4 48139.2 31976.7 19810.3 12507.1 7658.06 4711.21 2858.89 1792.07 1150.79 1150.79 
