976.563 1953.13 3906.25 7812.5 15625 31250 62500 125000 250000 500000 1e+06 
17.6812 19.5695 21.4913 24.9755 30.6688 38.5973 45.1916 51.1662 53.299 53.9264 48.5939 48.5939 
16.4518 20.1996 22.132 25.6099 31.2677 38.9546 45.9441 51.6765 54.6525 53.9752 49.6064 49.6064 
16.8935 20.8393 22.242 26.7071 31.633 39.1286 47.5838 52.0831 55.348 54.3407 49.174 49.174 
18.7864 20.262 22.174 26.3835 31.9899 39.2996 46.9585 52.0831 54.6304 54.0242 49.7531 49.7531 
18.7423 21.2594 22.5212 27.0834 32.6769 39.6329 46.9585 52.1118 54.6304 52.7049 48.3191 48.3191 
17.4257 21.1448 22.9569 26.9177 32.8469 39.9585 47.0818 52.5167 53.9696 53.7806 49.0317 49.0317 
18.7227 20.6386 22.7529 27.0927 32.6794 39.6329 47.0818 52.9222 54.6077 54.4425 48.3191 48.3191 
17.8727 20.6386 23.8957 27.6948 33.1813 41.4065 47.7026 52.9222 55.2916 52.7049 48.8904 48.8904 
18.2897 21.0902 23.1345 27.5239 33.3456 40.7668 47.7026 52.9455 54.6077 54.3407 49.0317 49.0317 
18.2995 21.0373 23.8119 27.4402 33.3382 41.2565 47.0818 52.9222 54.6304 53.9264 49.6064 49.6064 
 
19945.3 18196.4 15953.3 13751.1 11232.7 8819.5 6392.44 4189.78 2757.13 1710.75 1098.04 1098.04 
21222.2 18891.4 16541.4 14241.6 11618.9 8975.53 6376.28 4278.09 2695.83 1699.89 1114.68 1114.68 
20698.6 19245.8 16831.4 14347.7 11759.2 9053.8 6431.38 4275.83 2665.62 1701.37 1100.74 1100.74 
21389.8 19753.5 17059.5 14801.4 11900.1 9132.22 6529.9 4275.83 2727.26 1689.06 1103.52 1103.52 
22778.7 19771 17183.9 14776.2 12005.6 9289.55 6529.9 4306.22 2727.26 1739.23 1120.35 1120.35 
22604.5 20459.3 17599.9 15003 12076.7 9184.31 6614.6 4304.18 2726.34 1743.4 1111.89 1111.89 
23474.6 20622.4 17651.3 15070.5 12183.7 9289.55 6614.6 4302.31 2758.76 1679.7 1120.35 1120.35 
23473.2 20622.4 18093.7 15160.6 12219.5 9371.8 6516.12 4302.31 2728.47 1739.23 1123.06 1123.06 
24344.6 20803.8 18182.5 15387.3 12291.1 9316.95 6516.12 4332.8 2758.76 1701.37 1111.89 1111.89 
23299.2 21148.6 18321.9 15500.7 12469.5 9292.1 6614.6 4302.31 2727.26 1710.75 1114.68 1114.68 
