42042 976.563 -0.0120061 0.201156 1191.27 0.571737 
42042 1953.13 0.164834 0.258963 1199.37 0.584215 
42042 3906.25 0.0871951 0.198448 1198.43 0.335321 
42042 7812.5 0.153822 0.167534 1194.34 0.323086 
42042 15625 0.196241 0.140654 1190.94 0.461777 
42042 31250 -0.0548236 0.258094 1184.51 0.645803 
42042 62500 0.178157 0.241058 1199.5 0.752953 
42042 125000 0.060703 0.208443 1193.55 0.44947 
42042 250000 0.320939 0.200521 1191.66 0.327208 
42042 500000 0.153853 0.223998 1186.06 0.866574 
42042 1e+06 0.210877 0.255123 1170.69 0.414059 
