976.563 1953.13 3906.25 7812.5 15625 31250 62500 125000 250000 500000 1e+06 
18.3711 20.5649 21.8566 25.6736 30.851 37.3607 44.2143 50.376 52.6556 52.8891 47.609 47.609 
19.0527 20.6559 21.7516 25.719 31.0954 38.3096 45.0189 50.376 53.3611 52.0842 47.2258 47.2258 
19.3441 21.3304 22.2668 25.8433 31.8747 39.0424 45.9852 50.4214 53.3651 52.8891 47.2258 47.2258 
17.8497 20.722 22.6087 26.4484 32.088 39.418 45.8285 51.2883 53.3611 52.8891 48.692 48.692 
18.8241 20.6672 22.4937 26.5597 32.2792 39.418 46.7902 51.723 53.3562 53.3168 47.2258 47.2258 
18.8241 20.6318 22.6775 27.1265 32.2792 39.7675 46.7902 51.2883 53.3562 52.546 47.8222 47.8222 
18.8378 20.5802 23.0822 27.1383 32.4679 40.1286 46.7902 51.7594 54.0676 52.8891 47.8222 47.8222 
19.6891 20.9504 23.0004 27.5151 33.0196 40.1286 46.9328 52.1585 54.0676 52.9314 47.2258 47.2258 
18.7985 20.8939 22.7047 27.1492 33.0202 41 46.7902 52.5948 54.0676 52.8891 47.3528 47.3528 
17.8574 20.7291 23.3142 27.4242 33.5605 41 47.071 52.1585 54.0676 52.9314 47.954 47.954 
 
18449 16379.1 14702.5 12731 10311.6 8095.86 5893.77 3922.69 2507.66 1597.72 1024.43 1024.43 
19026.8 17008.6 15043.2 13023.1 10557.2 8220.43 5875.99 3922.69 2507.7 1606.17 1057.35 1057.35 
19835 17477.3 15455.3 13202.2 10659.1 8269.74 5942.37 3952.51 2476.83 1597.72 1057.35 1057.35 
20348.7 17753.1 15693 13401.2 10906.1 8425.27 5859.21 3946.69 2507.7 1597.72 1040.2 1040.2 
20350.6 18095.9 16034.1 13581 10976.3 8425.27 5926.88 3944.06 2538.64 1588.24 1057.35 1057.35 
20350.6 18324.5 16096.3 13488.8 10976.3 8320.38 5926.88 3946.69 2538.64 1585.9 1059.74 1059.74 
20004.6 18667.6 16107.6 13782 11046.8 8476.75 5926.88 3974.03 2508.05 1597.72 1059.74 1059.74 
21743.6 18559.1 16335.1 13916.8 11081.6 8476.75 6010.49 3941.63 2508.05 1587.04 1057.35 1057.35 
21043.1 18902.3 16614 14075.3 11259 8608.35 5926.88 3939.38 2508.05 1597.72 1046.35 1046.35 
21388 18842.1 16574.4 14029.8 11294.9 8608.35 6094.29 3941.63 2508.05 1587.04 1048.73 1048.73 
