976.563 1953.13 3906.25 7812.5 15625 31250 62500 125000 250000 500000 1e+06 
32.2602 42.9959 51.2949 58.55 64.1392 67.0025 68.5186 67.3846 65.6956 62.5904 58.0324 58.0324 
32.3246 44.7104 51.8096 59.3022 63.6926 66.2281 68.5186 69.3702 66.4074 63.6942 58.4334 58.4334 
43.2884 44.7479 51.8096 59.2435 64.1392 67.0025 68.0658 67.3846 66.641 62.844 58.0324 58.0324 
36.1891 44.8662 53.7687 60.0231 64.1118 67.8897 68.6071 67.5422 66.5237 61.9903 58.4334 58.4334 
36.7097 46.2683 53.3634 58.4151 64.1118 67.1089 68.1516 68.5376 67.1338 62.844 58.4334 58.4334 
35.879 45.5197 52.7207 58.4833 64.5854 67.8897 68.6071 68.5376 67.255 65.0928 57.7451 57.7451 
37.4622 45.9159 52.7207 59.3596 64.1668 67.8897 68.6965 69.3702 66.641 63.1009 58.1435 58.1435 
33.236 45.0207 54.1815 59.2435 63.668 67.8897 69.1539 68.3687 67.255 63.1009 57.9436 57.9436 
33.8296 45.174 54.713 60.0231 65.0647 67.1089 68.6071 68.5376 66.641 63.1009 57.6494 57.6494 
36.0179 45.7748 53.244 60.8637 64.1668 67.8897 69.1539 67.7023 66.7593 62.2385 57.6494 57.6494 
 
175022 134232 93488.2 60804.2 35561.6 21282.3 12296.5 7201.81 4140.62 2424.18 1407.6 1407.6 
178488 134358 93273.9 59881.4 35545.4 21244.7 12296.5 7038.37 4079.19 2399.42 1383.9 1383.9 
160967 132356 93273.9 59026.1 35561.6 21282.3 12277.9 7201.81 4009.97 2388.58 1407.6 1407.6 
180477 135178 91639 58116.8 35838.9 21036.2 12199.5 7099.05 4044.54 2378.14 1383.9 1383.9 
186354 133750 92669.1 59092.2 35838.9 20995.4 12180.8 7016.96 4018.33 2388.58 1383.9 1383.9 
185852 136461 92024.4 59947 35579.6 21036.2 12199.5 7016.96 3983.85 2339.92 1390.89 1390.89 
177809 134100 92024.4 60739.1 35284.8 21036.2 12102.7 7038.37 4009.97 2353.14 1367.28 1367.28 
187237 136000 90615.7 59026.1 35822.7 21036.2 12121.9 7119.3 3983.85 2353.14 1379.07 1379.07 
175063 136824 90438.5 58116.8 35322.5 20995.4 12199.5 7016.96 4009.97 2353.14 1362.53 1362.53 
195065 140132 91828.5 58070.6 35284.8 21036.2 12121.9 6996.7 3975.49 2342.72 1362.53 1362.53 
