976.563 1953.13 3906.25 7812.5 15625 31250 62500 125000 250000 500000 1e+06 
32.9085 39.2221 46.6041 49.9308 53.0698 55.662 58.0987 59.0924 59.0682 55.7692 51.9613 51.9613 
34.4728 41.6153 47.4297 50.5734 53.9041 56.7349 58.1133 60.1469 59.0682 57.0653 51.4552 51.4552 
33.2995 42.7603 47.8016 51.6464 54.5164 57.1195 58.6848 59.0924 59.695 58.4126 52.2901 52.2901 
38.9571 42.9268 47.9444 51.811 55.3158 57.1293 59.2957 59.1484 60.3302 56.1305 52.6231 52.6231 
35.7473 44.5915 49.4567 52.407 55.3705 57.8468 59.2464 61.1452 60.3302 58.204 52.6231 52.6231 
37.818 44.2407 49.281 52.844 56.0836 58.5671 59.8574 62.1428 60.3302 55.949 53.3128 53.3128 
37.8786 44.7023 49.281 52.6306 56.1292 58.217 59.8278 61.1452 60.8924 58.204 53.833 53.833 
38.112 44.4734 49.5062 53.4888 56.1292 58.9245 59.7687 60.0773 61.4541 58.204 53.1412 53.1412 
40.4007 44.8104 49.281 53.1979 56.2593 58.577 60.3748 62.1428 61.3691 58.204 53.3128 53.3128 
38.3969 45.5826 49.1229 53.7518 56.8586 59.2714 60.9512 60.9793 60.7314 58.204 52.6231 52.6231 
 
82924.5 65894.4 46320.3 32136.6 21027 14052.4 8918.35 5657.6 3430.1 2169.68 1327.58 1327.58 
91205.3 68112.1 48568.5 32594.8 21505.1 13952.6 8827.21 5566.62 3430.1 2107.67 1323.84 1323.84 
94411.1 69258.6 46843.9 33008.3 21226 14127.4 8921.03 5657.6 3401.07 2046.55 1304.21 1304.21 
93700.2 71786.7 50077.7 33524 21711.9 14216.4 8833.24 5560.52 3372.34 2100.77 1280.96 1280.96 
97758.6 72662.6 48900.2 33994.9 21966.9 14212.5 9015.89 5574.07 3372.34 2080.71 1280.96 1280.96 
100516 73709 51385.5 33950.6 22203.1 14299.7 8928.71 5582.88 3372.34 2135.15 1273.17 1273.17 
102395 75206.8 51385.5 34773.1 22459.2 14478.9 9020.16 5574.07 3376.99 2080.71 1277.03 1277.03 
103127 74457 52149.2 34687.9 22459.2 14388.7 9203.54 5663.8 3381.89 2080.71 1284.75 1284.75 
101843 77762.5 51385.5 35250.4 23229.8 14926.1 9116.85 5582.88 3415.07 2080.71 1273.17 1273.17 
105749 78222.6 53885.8 35731.5 22956.6 14747 9122.69 5768.95 3443.39 2080.71 1280.96 1280.96 
