976.563 1953.13 3906.25 7812.5 15625 31250 62500 125000 250000 500000 1e+06 
30.4618 39.2093 46.5454 52.0494 55.3705 57.8636 60.4437 60.1469 60.3302 57.998 54.1866 54.1866 
38.2803 40.8659 47.2606 51.7763 56.1292 58.9245 60.4092 60.2167 59.695 58.4126 52.9607 52.9607 
37.7652 41.8342 45.3785 52.7747 56.217 59.276 61.0298 60.0773 60.8116 56.3139 53.3128 53.3128 
31.4283 40.7285 48.3106 53.6873 56.8215 58.924 60.9512 61.3137 60.8116 59.3653 53.3128 53.3128 
37.8324 44.1323 47.6558 53.333 55.6248 59.2737 60.9904 61.1452 61.5397 57.2601 53.3128 53.3128 
36.2633 44.3558 48.0767 53.0518 56.8586 59.276 60.9512 63.3646 60.9738 57.0653 54.1866 54.1866 
38.3395 44.3619 50.1499 53.8782 56.8948 59.6156 60.9122 61.1452 60.8924 57.2601 52.9607 52.9607 
41.0147 45.9282 48.9803 53.9402 56.3005 59.9684 61.5273 61.1452 60.8116 58.204 53.6596 53.6596 
38.9896 45.0199 50.5585 54.7646 57.5312 59.6114 60.9512 63.1393 61.4541 59.3653 53.6596 53.6596 
38.8451 45.0515 49.556 53.5928 57.5604 59.6114 61.4836 62.046 61.4541 58.204 53.8349 53.8349 
 
93547.8 67680.4 48797.7 34299.7 21966.9 14480 8933.72 5566.62 3372.34 2115.02 1253.93 1253.93 
84892.7 73834.1 53560.9 34865.2 22459.2 14388.7 9025.2 5469.78 3401.07 2046.55 1257.83 1257.83 
91927.7 78600.6 53286 35293.4 22972.5 14567.8 8939.5 5663.8 3410.15 2066.53 1273.17 1273.17 
101685 81112.4 54099.1 35470.2 22699.5 14567.5 9122.69 5380.58 3410.15 2054.27 1273.17 1273.17 
107329 75508.3 57611.5 35772.3 23248 14657.4 9031.01 5574.07 3348.8 2073.4 1273.17 1273.17 
104113 71916.2 53335.7 36337.2 22956.6 14567.8 9122.69 5399.33 3343.9 2107.67 1253.93 1253.93 
110707 76258 54451.5 36254.9 23214.1 14837.6 9214.53 5574.07 3376.99 2073.4 1257.83 1257.83 
98461.5 77176.7 56401 36517.1 23487.4 14749.2 9129.3 5574.07 3410.15 2080.71 1250.08 1250.08 
112938 82908.9 52719.3 36441.9 23200.9 14927.4 9122.69 5593.04 3381.89 2054.27 1250.08 1250.08 
107226 74160.6 55422.4 36819.3 23458.9 14927.4 9221.16 5680.21 3381.89 2080.71 1238.58 1238.58 
