976.563 1953.13 3906.25 7812.5 15625 31250 62500 125000 250000 500000 1e+06 
24.9528 39.5316 44.1397 48.674 52.9162 56.3243 57.3605 58.3061 57.0572 53.7766 48.5897 48.5897 
28.9767 39.1051 46.3408 51.2585 55.087 57.9067 58.007 59.021 57.7411 53.9664 48.5897 48.5897 
29.5046 40.3981 46.7678 52.3688 55.8392 58.2903 59.3409 59.4169 57.814 54.9865 48.9301 48.9301 
32.1075 40.3981 47.3582 53.2471 56.5755 58.2903 59.3006 59.7578 57.6685 53.9664 49.1397 49.1397 
32.6137 41.0634 47.3582 52.1293 55.909 59.0642 59.2604 59.7872 57.7411 53.9664 48.4208 48.4208 
32.7986 42.5992 48.3966 53.5224 56.591 59.0406 59.8551 59.7283 57.6685 54.9865 48.7595 48.7595 
34.004 41.8248 49.4124 53.5224 56.6193 59.0406 59.9012 60.1261 57.6685 53.9664 49.3133 49.3133 
34.0228 41.4517 49.2559 54.0105 57.3094 59.7966 59.9012 59.699 58.2796 53.9664 50.0444 50.0444 
33.661 43.2735 48.5644 54.0105 55.95 60.1806 60.5418 60.0948 58.3572 55.1911 49.3133 49.3133 
33.3182 43.4392 48.063 53.689 57.3199 60.1434 60.4899 60.8627 58.2796 56.0047 50.0444 50.0444 
 
68386 58458.7 43079.8 30074.8 19883.4 12845.9 8087.25 5022.65 3150.48 2000.1 1249.27 1249.27 
81254.2 63298.2 44676.6 30626.4 19835.2 12757.3 8090.8 5059.33 3120.73 1965 1249.27 1249.27 
82474.6 65080.1 46118.4 31318.2 20076.5 12935.7 8009.1 5029.16 3087.21 1971.78 1225.33 1225.33 
87708.6 65080.1 48292.2 31009.3 20321.7 12935.7 8100.46 5064.2 3154.33 1965 1253 1253 
92191.2 69438.4 48292.2 32360 20834.3 13028.7 8191.99 5031.66 3120.73 1965 1261.28 1261.28 
91216.5 68052.5 48869.2 32531.6 20574.6 13206.5 8289.93 5096.78 3154.33 1971.78 1237.28 1237.28 
88609.5 69892.9 49462.5 32531.6 21081.4 13206.5 8198.16 5066.89 3154.33 1965 1241 1241 
95056.4 70817.6 48728.8 32762.7 21077.9 13302.2 8198.16 5129.41 3158.47 1965 1232.84 1232.84 
100224 73150.7 49600.5 32762.7 21341.3 13306.2 8205.19 5099.48 3124.83 1936.79 1241 1241 
103784 73851.1 51210.1 33550.8 21586.6 13484.7 8297 5072.76 3158.47 1979.03 1232.84 1232.84 
