976.563 1953.13 3906.25 7812.5 15625 31250 62500 125000 250000 500000 1e+06 
28.9179 40.9132 40.8041 51.8044 59.7924 61.0895 62.9706 64.0454 63.5494 61.8077 60.8993 60.8993 
32.0878 40.872 42.9695 52.8133 55.8826 62.1546 63.0803 64.2731 63.093 61.3237 58.5817 58.5817 
29.3389 37.3772 48.1421 52.4436 56.9483 62.0921 63.6295 64.2731 63.8224 60.3863 56.9006 56.9006 
25.3223 43.0473 46.1329 52.9693 57.4976 61.2346 64.1781 64.2731 63.1798 61.3237 57.1007 57.1007 
30.4183 42.7416 46.8499 53.1837 57.5072 63.2005 64.1781 64.2731 63.8224 61.1084 58.9543 58.9543 
27.0141 41.1581 46.8499 52.5774 56.9341 62.1546 63.6295 65.3617 63.8224 60.3863 58.5715 58.5715 
28.8387 40.4442 49.6223 53.1837 58.0764 62.218 64.1781 63.3127 64.3764 61.5428 57.2792 57.2792 
27.0773 39.6091 44.7128 52.5334 59.2352 62.1546 64.1781 65.1038 63.2674 60.3863 56.5499 56.5499 
34.016 38.514 47.885 52.8133 57.5163 62.1546 64.1141 65.2316 64.3764 61.5428 56.3772 56.3772 
32.7404 39.3313 45.7802 53.9629 58.6538 62.218 64.726 65.2316 64.9294 61.5428 56.0369 56.0369 
 
83027.5 80032.6 59649.5 39353.7 25177.5 15952.6 9415.39 5763.07 3345.63 2043.85 1036.94 1036.94 
85236.1 77745.4 62003.6 38759.5 25945.4 15444.6 9237.95 5575.76 3308.91 1971.54 1057.22 1057.22 
89383.8 81216.1 56070.6 38789.6 25180.3 15705.9 9247.25 5575.76 3250.97 1964.28 1081.93 1081.93 
96349.1 79785.6 57284 37480 24676.4 15168.9 9257.27 5575.76 3277.35 1971.54 1106.51 1106.51 
103361 73831.4 57111.4 38730.9 24925.7 15202.7 9257.27 5575.76 3250.97 2003.79 1071.29 1071.29 
84005.3 74535.5 57111.4 39540.6 24930.9 15444.6 9247.25 5494.45 3250.97 1964.28 1092.36 1092.36 
113589 74104.9 55780.6 38730.9 24673.3 15183.8 9257.27 5565.16 3256.33 1939.4 1095.9 1095.9 
75303.7 85367.7 57654 39290.1 24673.8 15444.6 9257.27 5681.19 3245.85 1964.28 1103.12 1103.12 
84504.2 81326.5 58387.6 38759.5 25175.3 15444.6 9345.91 5587.68 3256.33 1939.4 1113.76 1113.76 
114061 86304.5 58891.7 38929.1 25172 15183.8 9268.03 5587.68 3261.95 1939.4 1135.1 1135.1 
