976.563 1953.13 3906.25 7812.5 15625 31250 62500 125000 250000 500000 1e+06 
30.9619 42.0616 50.8653 53.344 58.0917 62.0304 65.1284 65.3617 64.3764 61.1084 59.9503 59.9503 
28.5316 40.9132 47.4921 53.6694 59.223 62.0921 64.0508 64.0454 63.6395 61.1084 55.7032 55.7032 
0 0 0 0 0 0 0 0 0 0 0 0 
33.3761 39.2773 44.01 53.2246 58.6538 62.1546 64.726 65.1038 64.8291 62.2575 58.0124 58.0124 
29.5571 41.2585 45.7802 53.0227 59.8262 63.2005 64.726 64.1584 64.3764 60.1825 57.8321 57.8321 
23.1645 37.628 47.1793 53.0227 58.0945 62.1546 64.59 66.1878 65.0308 61.3237 58.2028 58.2028 
25.0281 40.0648 43.9091 53.7065 59.7924 62.0921 64.59 66.1878 65.0308 61.5428 58.3912 58.3912 
32.5938 42.7024 45.1213 52.6207 59.8038 63.2005 64.6576 64.1584 63.6395 62.2575 60.1183 60.1183 
34.1117 41.4023 43.715 53.6694 58.0884 61.0895 64.5231 66.0471 64.9294 60.3863 58.7744 58.7744 
26.7626 38.4466 46.9629 52.7878 58.097 64.0892 65.2731 65.2316 65.6938 60.1825 58.0123 58.0123 
 
119370 80238.8 58561.3 39734.4 25672.8 15967.8 9456.86 5494.45 3256.33 2003.79 1019.09 1019.09 
104630 80032.6 59987.9 39456.8 25173.6 15705.9 9434.68 5763.07 3314.02 2003.79 1156.55 1156.55 
0 0 0 0 0 0 0 0 0 0 0 0 
97976.3 80119 57851.2 38981.5 25172 15444.6 9268.03 5681.19 3293.44 1979.22 1124.17 1124.17 
107667 81396.8 58891.7 40013.2 24427.9 15202.7 9268.03 5669.28 3256.33 1996.54 1099.38 1099.38 
109061 85775.5 58547.5 40013.2 25923.3 15444.6 9445.41 5600.9 3230.53 1971.54 1078.25 1078.25 
118795 85111.3 60176 39708.2 25177.5 15705.9 9445.41 5600.9 3230.53 1939.4 1067.72 1067.72 
88083.6 82991.4 62117 39791.3 24927.4 15202.7 9356.65 5669.28 3314.02 1979.22 1043.57 1043.57 
95710.7 79790.1 59468.1 39456.8 25422.5 15952.6 9534.3 5694.39 3261.95 1964.28 1046.75 1046.75 
99855.8 90743.2 60871.2 40795.5 26174 15486.3 9279.51 5587.68 3205.05 1996.54 1053.73 1053.73 
