976.563 1953.13 3906.25 7812.5 15625 31250 62500 125000 250000 500000 1e+06 
23.6064 25.2911 24.0357 26.7519 32.493 42.1547 49.7423 52.8781 52.8752 48.0725 41.6338 41.6338 
25.2313 25.5253 24.7886 26.8722 33.3299 42.3436 50.693 53.3951 52.0342 48.5065 40.8374 40.8374 
24.7343 25.5839 24.7886 26.7713 32.294 41.9238 49.7423 52.8288 52.0342 48.5058 40.9341 40.9341 
24.3605 26.0519 24.5884 27.0911 32.5062 42.3436 48.9497 53.4823 52.1176 47.6649 40.6624 40.6624 
25.078 26.5533 25.1226 27.1749 33.3312 41.1377 48.9618 53.1585 52.8412 48.0524 41.0238 41.0238 
24.1256 28.2949 25.1244 27.3983 33.7776 42.4464 49.1849 53.6047 52.6846 47.5868 42.7246 42.7246 
23.6235 29.2673 25.336 27.5132 33.3302 41.7929 47.6848 53.0558 51.8925 47.5868 41.8175 41.8175 
25.1456 27.0139 25.3992 27.7454 33.5487 41.1377 49.016 53.1585 51.0812 48.0524 41.0796 41.0796 
23.5147 29.3229 25.8575 28.0773 32.9034 41.7641 48.905 52.9262 52.1176 47.2354 42.4688 42.4688 
23.2073 30.3282 25.9793 27.7381 33.3315 42.1989 47.857 52.7268 51.9892 47.6263 41.7821 41.7821 
 
12708 15201.2 13219.7 11424.4 9428.73 7108.11 4892.54 3157.32 1966.15 1305.42 819.149 819.149 
14991.9 15545.2 13578 11599.3 9531.31 7184.78 4881.04 3154.75 1967.47 1295.49 848.719 848.719 
14695 15435.7 13578 11709.1 9532.58 7285.13 4892.54 3128.87 1967.47 1285.61 818.652 818.652 
13174.1 15342.7 13515.6 11664.6 9601.01 7184.78 4986.04 3211.81 2025.27 1365 899.214 899.214 
14034.7 14859.7 13029.8 10985.7 9014.5 6979.82 4654.64 3012.63 1937.28 1256.11 788.759 788.759 
11715.7 14264.3 12638.4 10766.6 8808.14 6678.33 4596.64 2953.41 1822.35 1236.63 730.305 730.305 
10588.7 13917.6 12701.1 10657.1 8842.39 6702.22 4838.83 2956 1881.18 1236.63 769.342 769.342 
12245.5 14486.9 12983.1 11007.3 9083.41 6979.82 4681.46 3012.63 1911.69 1256.11 768.925 768.925 
11311.5 14655.3 13391.3 11248.5 9221.37 6955.2 4793.24 3185.8 2025.27 1345.25 789.762 789.762 
11361 14769 13564.1 11576.6 9186.69 6854.83 4919.18 3072.07 1938.65 1285.78 779.265 779.265 
