41434 976.563 0.0989095 0.130427 1192.46 
0.496417 
41434 1953.13 0.202523 0.231993 1199.76 
0.645806 
41434 3906.25 0.0298932 0.238267 1200.72 
0.499088 
41434 7812.5 0.0984455 0.115991 1194.7 
0.577037 
41434 15625 0.246829 0.233526 1192.45 
0.504695 
41434 31250 -0.0735024 0.143853 1185.23 
0.708253 
41434 62500 0.198938 0.149263 1198.77 
0.337102 
41434 125000 0.208907 0.172299 1193.42 
0.635234 
41434 250000 0.353185 0.187804 1192.16 
0.633876 
41434 500000 0.238309 0.180657 1187.95 
0.554018 
41434 1e+06 0.223364 0.20881 1166.75 
0.352584 
