976.563 1953.13 3906.25 7812.5 15625 31250 62500 125000 250000 500000 1e+06 
14.8122 31.6742 27.4063 28.5021 29.4525 31.5837 40.4179 -114.98 -96.8179 55.6132 -107.995 -107.995 
20.2022 25.7059 28.843 36.9132 31.5795 37.9306 45.2948 -104.274 -93.841 46.6513 -112.844 -112.844 
17.2459 25.4045 24.0785 28.6106 32.7639 40.1295 46.1446 -101.889 -92.4898 44.6803 -27.6139 -27.6139 
15.4238 27.14 26.0292 28.8493 32.8868 40.2988 46.7974 53.8204 -96.1428 55.5481 -112.752 -112.752 
16.909 29.11 27.2324 30.6039 33.572 40.4655 46.6086 52.7494 -94.9959 62.7266 -86.3996 -86.3996 
17.6338 26.0985 29.1481 30.4337 33.0974 38.9648 46.4575 51.9296 -95.36 55.5481 -100.329 -100.329 
20.0235 26.0801 31.6861 31.7878 33.1891 38.6126 47.0972 52.1914 -95.2867 55.5263 -97.6461 -97.6461 
17.6255 26.9096 25.9439 30.9712 36.4439 43.8708 48.764 53.9817 -103.475 52.2847 21.7468 21.7468 
19.9375 26.8599 31.734 33.944 37.1461 43.4711 49.1039 55.8306 56.2076 55.1747 41.7741 41.7741 
18.8182 25.6974 25.0997 33.7511 33.0483 42.1336 47.9189 52.3156 -90.6144 48.5999 3.4129 3.4129 
 
2958 5186.33 6223.76 5522.49 3593.73 2668.96 2222.59 1490.02 893.665 51.1888 63.6751 63.6751 
7432.28 7905.05 7023.4 5460.06 3980.57 2949.46 2111.27 2481.19 647.485 112.564 26.5907 26.5907 
8256.02 9013.49 6763.23 6204.57 4079.13 3098.87 2238.01 2642.73 582.023 139.493 34.7164 34.7164 
8649.89 8719.64 8526.29 5812.91 3988.27 3123.2 2231.89 1636.65 828.705 76.9107 52.9774 52.9774 
8866.2 9452.2 7826.91 6253.35 4134.42 3147.56 2314.42 1612.87 792.115 68.8851 47.3959 47.3959 
7867.9 9029.28 7651.82 7277.92 4123.78 3011.52 2288.92 1643.59 842.444 76.9107 48.8487 48.8487 
9262.34 9419.62 6989.94 6631.27 3919.8 3103.31 2282.95 1697.65 781.5 85.5037 30.2917 30.2917 
8865.65 9609.08 8244.95 6778.8 5010.72 3575.63 2483.05 1939.57 211.696 163.433 37.8339 37.8339 
9594.69 9999.44 8075.41 6761.25 5149.96 3583.32 2560.62 2463.96 2081.2 224.292 77.0578 77.0578 
10531.4 9856.59 9119.42 7219.45 4441.16 3335.15 2436.77 1724.73 564.316 146.815 23.8808 23.8808 
