34164 976.563 31.0186 2.42397 75502.6 10.867 
34164 1953.13 39.673 2.11938 60096.8 6.46772 
34164 3906.25 46.2038 1.72864 42211.3 4.34732 
34164 7812.5 51.0763 1.22842 28885.6 3.69467 
34164 15625 54.5243 0.84775 18963.7 2.9506 
34164 31250 57.5683 0.811169 12258.1 2.13561 
34164 62500 59.1844 0.971349 7750.01 1.30058 
34164 125000 61.0638 0.483883 4784.69 1.15607 
34164 250000 60.3141 0.488208 2915.36 0.804516 
34164 500000 57.1076 0.734891 1784.48 1.0782 
34164 1e+06 51.4451 0.307045 1119.48 0.532851 
