976.563 1953.13 3906.25 7812.5 15625 31250 62500 125000 250000 500000 1e+06 
37.5586 46.4751 52.4664 56.4945 58.6561 61.7976 62.5809 63.0419 62.2352 61.607 56.1907 56.1907 
40.0835 47.9226 52.9444 56.701 59.6412 61.7976 63.7344 64.9182 62.9862 59.979 55.8339 55.8339 
41.139 47.5825 53.6125 60.1384 63.5165 64.1429 64.2151 63.0812 59.979 56.6723 54.6551 54.6551 
41.8268 49.46 53.6125 56.8002 60.6328 62.623 64.1429 64.0925 64.2444 61.2642 56.5832 56.5832 
43.0815 49.7409 55.9022 57.7248 61.1196 64.35 64.6753 65.0496 64.8347 61.2642 55.7389 55.7389 
39.9131 49.7409 54.4528 59.5192 61.5994 63.4478 64.6102 64.9182 64.1423 61.0279 55.9242 55.9242 
41.3426 49.3493 54.085 58.5777 60.6243 64.35 64.6102 65.0496 63.859 60.4329 56.2985 56.2985 
33.0722 50.0167 52.8306 58.6518 61.5994 64.35 65.0769 65.0496 64.3472 61.5033 56.7736 56.7736 
40.248 50.0167 55.2684 58.724 61.0885 65.0943 65.0769 64.0925 64.2444 61.2642 57.4416 57.4416 
37.4817 50.2876 54.6893 58.6518 61.0963 63.3799 65.614 65.8825 64.7289 61.2642 57.1581 57.1581 
 
157488 111749 75579.8 49104.7 31379.1 19657.5 12102 7323.91 4306.86 2568.3 1557.65 1557.65 
172741 114336 74585.2 50758.1 31101.8 19657.5 11737.9 7147.84 4208.12 2547.55 1510.99 1510.99 
163309 117378 78656 31371.6 19414.9 11846.9 7029.44 4173.08 2547.55 1491.6 1335.82 1335.82 
161133 117793 78656 51588.4 31373 19676 11846.9 7132.12 4117.53 2485.39 1462.55 1462.55 
167594 119425 77188.5 51505.9 31647.2 19440 11763.5 7045.13 4090.19 2485.39 1481.88 1481.88 
166473 119425 80124.4 50542.3 31923.9 19697.9 11860 7147.84 4152.42 2521.48 1469.8 1469.8 
190391 119718 77665 50602.9 31915.3 19440 11860 7045.13 4075.48 2475.28 1445.73 1445.73 
176760 121063 81480.4 51434.7 31923.9 19440 11873.8 7045.13 4082.73 2449.47 1450.52 1450.52 
162647 121063 81609.1 52268.8 32735.3 19751.4 11873.8 7132.12 4117.53 2485.39 1443.4 1443.4 
170960 122706 81771.9 51434.7 32462.7 19981.7 11791.6 7061.97 4125.01 2485.39 1426.57 1426.57 
