976.563 1953.13 3906.25 7812.5 15625 31250 62500 125000 250000 500000 1e+06 
6.58721 11.4739 21.209 37.6947 56.3284 69.9309 78.864 78.158 73.3014 63.7151 44.8438 44.8438 
6.58721 11.4739 21.209 37.6947 56.3284 69.9309 78.864 78.158 73.3014 63.7151 44.8438 44.8438 
6.58721 11.4739 21.209 37.6947 56.3284 69.9309 78.864 78.158 73.3014 63.7151 44.8438 44.8438 
6.58721 11.4739 21.209 37.6947 56.3284 69.9309 78.864 78.158 73.3014 63.7151 44.8438 44.8438 
6.58721 11.4739 21.209 37.6947 56.3284 69.9309 78.864 78.158 73.3014 63.7151 44.8438 44.8438 
6.58721 11.4739 21.209 37.6947 56.3284 69.9309 78.864 78.158 73.3014 63.7151 44.8438 44.8438 
6.58721 11.4739 21.209 37.6947 56.3284 69.9309 78.864 78.158 73.3014 63.7151 44.8438 44.8438 
6.58721 11.4739 21.209 37.6947 56.3284 69.9309 78.864 78.158 73.3014 63.7151 44.8438 44.8438 
6.58721 11.4739 21.209 37.6947 56.3284 69.9309 78.864 78.158 73.3014 63.7151 44.8438 44.8438 
6.58721 11.4739 21.209 37.6947 56.3284 69.9309 78.864 78.158 73.3014 63.7151 44.8438 44.8438 
