976.563 1953.13 3906.25 7812.5 15625 31250 62500 125000 250000 500000 1e+06 
36.0076 49.2801 55.7413 61.4422 64.2104 65.6449 66.3611 67.2414 65.0098 61.2125 56.4732 56.4732 
36.9499 48.2937 56.9167 61.4063 64.7182 65.6449 67.0265 66.021 65.2307 61.2125 56.2809 56.2809 
41.6104 50.3074 57.2067 63.2966 65.2634 66.527 67.6202 66.1682 65.2307 61.455 56.4732 56.4732 
40.8893 50.9446 55.0318 63.2966 64.2104 65.549 67.0265 66.9225 65.8769 59.6305 56.2809 56.2809 
40.8893 51.5709 56.7316 64.2419 65.1882 66.527 67.0265 67.2414 64.6989 61.701 56.4732 56.4732 
47.7131 51.064 57.7818 63.2966 65.2256 66.4203 67.1104 66.021 65.2307 60.5444 55.9484 55.9484 
44.3283 51.4505 57.8713 61.4422 65.2256 66.527 67.7086 67.2414 65.2307 60.5444 56.4732 56.4732 
37.2219 52.0655 58.3581 61.4422 65.2256 66.4203 67.1104 67.2414 65.8769 61.701 55.9484 55.9484 
40.0569 51.5744 58.4428 62.3743 65.7741 67.407 67.6202 67.0806 65.3426 60.5444 56.3309 56.3309 
48.0548 51.8181 58.5265 62.3969 65.6914 67.407 67.5327 66.021 64.8072 63.1426 56.1389 56.1389 
 
221012 124412 80627.6 51288.6 30356.5 18066 10835.9 6154.79 3698.28 2217.99 1258.7 1258.7 
178865 126159 80336.7 50455.6 30373.5 18066 10662.1 6336.93 3630.79 2217.99 1270.22 1270.22 
178748 125468 82821.5 50414.8 30123.6 18098.3 10583.8 6237.28 3630.79 2183.27 1258.7 1258.7 
171292 126835 84255 50414.8 30356.5 18344.9 10662.1 6353.69 3604.35 2165.52 1270.22 1270.22 
171292 128214 83792.8 50411.6 30661.7 18098.3 10662.1 6154.79 3623.85 2148.72 1258.7 1258.7 
154881 124896 82688 50414.8 30392.4 18377 10567.9 6336.93 3630.79 2174.18 1254.5 1254.5 
208041 130161 83519.6 51288.6 30392.4 18098.3 10489.9 6154.79 3630.79 2174.18 1258.7 1258.7 
195820 128771 82561.6 51288.6 30392.4 18377 10567.9 6154.79 3604.35 2148.72 1254.5 1254.5 
199979 130996 83393.5 51262.5 30144.6 18134.1 10583.8 6254.05 3597.17 2174.18 1231.55 1231.55 
163409 129881 84226.9 52097.8 30682.5 18134.1 10678 6336.93 3590.23 2089.58 1243.01 1243.01 
