976.563 1953.13 3906.25 7812.5 15625 31250 62500 125000 250000 500000 1e+06 
20.2937 27.6092 35.1049 43.7434 49.1926 52.9096 54.6885 55.8355 55.1224 54.0305 47.7961 47.7961 
21.3529 29.3252 37.2469 44.3714 51.0148 54.2791 56.1441 57.0805 56.5241 53.7204 48.3865 48.3865 
22.8431 30.7066 38.6207 45.2218 51.2196 54.782 56.8805 57.4933 56.4667 54.5278 47.0491 47.0491 
21.9439 31.9215 39.9401 46.5968 52.8036 55.2342 56.1427 57.4798 56.5241 54.5278 48.3865 48.3865 
21.7597 31.8081 39.6137 46.721 51.9597 55.2527 57.6344 58.3375 56.4667 54.0923 48.3865 48.3865 
22.6168 32.1114 40.2417 47.1509 52.1363 55.7023 56.861 57.8903 57.951 54.967 47.9572 47.9572 
25.5223 32.5935 40.8573 47.9349 52.9587 55.6868 57.6001 58.3009 57.2026 54.5918 48.5521 48.5521 
21.8696 33.0126 40.8573 47.615 53.7838 56.1643 56.1404 58.7324 57.2026 54.5278 48.7186 48.7186 
26.1074 33.0126 41.4608 48.1533 53.7184 56.1643 58.3296 58.3009 57.1389 54.5918 47.7961 47.7961 
20.4499 34.5228 40.8729 48.2592 53.7838 56.6117 58.3296 58.3009 57.951 54.5918 47.9572 47.9572 
 
45921 38793.8 32010.8 23419.2 16273.4 10783.2 7003.96 4438.61 2774.75 1752.07 1129.15 1129.15 
49847.1 43366.6 33577.5 24374.1 16448.5 10765.7 6913.62 4377.3 2747.14 1738.91 1132.37 1132.37 
54864.1 44674 34290 24792.2 16937.4 10933.3 6914.23 4378.23 2779.71 1731.38 1137.68 1137.68 
56796.1 46865.7 35022.8 25160.1 16639.6 10929.4 7002.51 4409.8 2747.14 1731.38 1132.37 1132.37 
56947.1 47190.2 35873.8 25403 16664.5 11015.8 6826.91 4349.09 2779.71 1740.76 1132.37 1132.37 
56864.7 48141.9 36246 25106.1 17155.4 11012.5 7092.38 4410.93 2720.7 1722.06 1117.52 1117.52 
54702.7 47380.2 36622.7 25542.6 17131.4 10926.1 7004.89 4412.26 2750.04 1720.1 1120.72 1120.72 
59316.5 48546.9 36622.7 26081.9 17110.7 11096.5 7091.58 4382.14 2750.04 1731.38 1109.11 1109.11 
60418.3 48546.9 37004 26032.2 16864.1 11096.5 7007.53 4412.26 2782.65 1720.1 1129.15 1129.15 
58688.6 49498.6 37391.8 26277.4 17110.7 11094.5 7007.53 4412.26 2720.7 1720.1 1117.52 1117.52 
