976.563 1953.13 3906.25 7812.5 15625 31250 62500 125000 250000 500000 1e+06 
31.3423 36.1219 44.1565 50.3405 54.5514 59.0777 59.6808 61.1641 59.0601 57.6951 52.6604 52.6604 
30.8972 40.0328 46.3723 52.4422 56.1834 59.0777 60.9954 60.4771 59.4187 57.2952 53.1647 53.1647 
31.4817 40.392 46.3723 51.7238 56.741 59.2307 61.1141 62.5918 60.1339 56.4063 51.8577 51.8577 
31.2036 41.3122 47.0612 52.7691 57.3069 60.1974 60.5764 60.6964 60.3244 55.7343 51.353 51.353 
34.8759 41.4668 48.0191 53.1317 57.3069 61.1639 61.174 59.6491 60.3244 58.9302 52.9525 52.9525 
33.2122 41.1608 48.4499 53.4949 57.8828 60.1333 61.2342 61.6446 60.4205 57.3314 52.4398 52.4398 
33.8596 42.3928 49.1494 53.8857 57.8828 62.2214 61.8444 61.7673 60.4205 57.3314 52.636 52.636 
33.8599 41.606 47.2027 53.8585 58.4543 60.2618 61.7797 62.7264 60.0622 58.2594 52.1191 52.1191 
33.5357 42.8184 49.4996 54.5636 59.0643 61.242 62.463 61.7673 60.6142 56.4012 52.1191 52.1191 
35.5625 40.4291 49.0263 53.5241 58.4686 61.3208 62.3936 62.8624 59.9689 57.3314 52.3132 52.3132 
 
103242 84587.2 61330 41863.1 27554.2 17216.9 10854 6610.2 4020.94 2498.09 1523.04 1523.04 
100376 83113.4 61540 41427.6 27016.3 17216.9 10391.7 6389.84 3877.56 2412.62 1454.14 1454.14 
117142 86822.4 61540 41480.9 26492 16383.9 10199.9 6210.63 3812.62 2402.87 1426.73 1426.73 
111661 81697.8 61382.4 41142.8 26493.2 16400.3 10189.6 6184.21 3741.84 2356.4 1421.99 1421.99 
109614 87046.8 62719.5 41119.5 26493.2 16420.7 10104.3 6275.43 3741.84 2311.3 1394.03 1394.03 
114464 87977.9 61091.3 41097.6 26234.9 16677.4 10008.9 6196.77 3706.58 2255.09 1389.24 1389.24 
117051 86596.7 60958 41338.2 26234.9 16168.2 9924.54 6094.47 3706.58 2255.09 1376.81 1376.81 
108952 90079 62123 41077.2 26240.4 16124 10019.8 6108.24 3630.31 2264.58 1372.13 1372.13 
114135 88711.6 63201.4 40779.6 25725 16144.2 9841.06 6094.47 3636.36 2246.04 1372.13 1372.13 
108994 91481.4 60212.6 41358.4 25978.8 15868.5 9936.16 6006.28 3665.35 2255.09 1359.76 1359.76 
