976.563 1953.13 3906.25 7812.5 15625 31250 62500 125000 250000 500000 1e+06 
21.9214 30.1187 38.3171 46.1368 52.22 56.1975 57.564 58.649 56.4093 54.4004 47.6359 47.6359 
23.9821 33.4506 41.6961 48.7585 53.9658 57.5167 58.9588 59.8882 58.559 54.9011 47.9572 47.9572 
22.5251 35.8189 43.1068 50.0432 54.8091 58.3746 60.421 59.5077 58.4829 55.3419 48.1191 48.1191 
24.8848 35.8189 44.6573 51.1304 56.4139 58.8029 60.4697 60.2942 57.8809 55.3419 48.7186 48.7186 
28.2381 36.6516 45.0037 50.3586 55.6988 59.2102 60.3725 61.1411 59.2366 56.1625 48.7186 48.7186 
27.2948 35.9559 45.7247 51.4758 57.2108 59.1995 60.3243 60.6677 58.4829 56.1625 48.1191 48.1191 
29.0885 38.3646 46.4286 51.9619 57.2246 59.6333 61.0236 60.6352 59.9138 55.647 49.4893 49.4893 
29.0885 38.9948 46.3408 52.0838 55.7295 59.6199 60.3243 60.2038 59.1544 55.7165 49.3171 49.3171 
29.2624 39.2416 45.6515 53.097 55.7869 60.0403 61.0236 61.4748 58.4829 56.0909 48.8861 48.8861 
30.1961 38.1384 46.3408 53.097 57.2374 60.0403 60.9686 60.6029 59.9138 55.7165 48.8861 48.8861 
 
55277.8 47163.9 36449.1 26486.4 17401.4 11356.7 7183.56 4508.88 2812.37 1753.98 1140.81 1140.81 
65671.9 52393.5 38236.1 27507.7 17852.8 11527.3 7279.81 4482.86 2756.77 1733.34 1117.52 1117.52 
66987.7 55311.9 40490.7 28164.7 18085 11702.8 7200.39 4449.03 2789.43 1724.07 1105.93 1105.93 
75528.7 55311.9 41700.7 28337.6 18311.9 11704.1 7110.73 4485.14 2753.25 1724.07 1109.11 1109.11 
71695.2 58896.9 42649 29160.5 18821 11881.2 7290.22 4458.45 2760.59 1716.99 1109.11 1109.11 
80224.4 60807.4 42763.8 29588.1 18555.7 11969 7380.23 4519.41 2789.43 1716.99 1105.93 1105.93 
76088.1 61278.1 43900.2 29555.1 18806.3 11883.7 7386.88 4551.27 2764.72 1737.43 1100.8 1100.8 
76088.1 61008.8 44676.6 30057.7 19071.4 11971.5 7380.23 4580.68 2793.27 1726.14 1112.39 1112.39 
75101.4 61683.6 45571.1 30251.1 19573.2 11974.6 7386.88 4524.91 2789.43 1728.27 1097.53 1097.53 
78534.9 64510.2 44676.6 30251.1 19057.3 11974.6 7477.1 4583.18 2764.72 1726.14 1097.53 1097.53 
