976.563 1953.13 3906.25 7812.5 15625 31250 62500 125000 250000 500000 1e+06 
19.1922 26.6129 32.2051 37.9652 42.8876 47.4919 50.5884 52.4762 52.458 49.3423 45.5815 45.5815 
22.0526 28.5776 34.2104 39.6237 44.143 48.1671 50.6579 53.3056 52.458 51.1138 47.0491 47.0491 
22.7278 28.0794 34.925 40.5735 44.6354 49.2461 52.1614 53.2918 53.9058 51.808 46.3109 46.3109 
23.1666 29.5431 35.8587 40.8155 45.1186 49.7472 52.1076 53.3056 53.8749 51.859 46.3109 46.3109 
22.3133 29.9693 36.0786 40.37 45.5927 49.7472 52.2129 53.7191 53.8749 51.91 46.3109 46.3109 
24.2508 30.25 36.039 41.507 45.7371 49.8158 52.9937 53.7304 53.8749 51.91 46.3109 46.3109 
24.3897 30.3189 35.8235 41.9411 46.0835 49.883 52.2129 54.1469 53.1344 52.3372 47.0491 47.0491 
24.4036 31.0486 36.7166 41.7266 45.8782 50.4402 53.0726 54.1556 54.5654 52.2843 46.4615 46.4615 
24.3578 31.7666 37.324 41.5005 46.3306 51.316 53.0341 55.0074 53.8749 52.2843 46.6128 46.6128 
24.3005 31.7666 37.0656 42.6023 47.0256 50.4402 53.0341 54.5813 54.5654 52.7133 46.4615 46.4615 
 
35167.5 30324.4 24403.7 18695.7 13311.1 9360.02 6325.86 4223.53 2736.08 1801.1 1155.02 1155.02 
37967.7 31042.5 25030.1 18747.8 13481.9 9511.89 6412.51 4190.17 2736.08 1727.54 1137.68 1137.68 
38515.6 32352.7 25674.1 18894.5 13618.2 9569.42 6312.23 4159.15 2641.8 1741.77 1146.3 1146.3 
40398.7 33222.9 26004.6 19125 13755.7 9557.54 6225.4 4190.17 2673.97 1730.51 1146.3 1146.3 
39663.8 33626.5 26222.1 19436 13894.3 9557.54 6399.23 4158.21 2673.97 1719.26 1146.3 1146.3 
40997.9 34357.5 26757.7 19819.4 14051.3 9641.3 6394.11 4189.27 2673.97 1719.26 1146.3 1146.3 
41517.7 34886.2 26540 20284.8 14445 9725.16 6399.23 4157.47 2737.17 1709.59 1137.68 1137.68 
42701.5 35173.5 26877.7 20051.8 14208.6 9798.28 6568.98 4188.55 2675.58 1720.82 1134.64 1134.64 
44217.5 35466.4 27537.2 20593.6 14349.2 9609.94 6481.46 4187.7 2673.97 1720.82 1123.02 1123.02 
44549.5 35466.4 27853 20211 14395.9 9798.28 6481.46 4188.03 2675.58 1711.2 1134.64 1134.64 
