976.563 1953.13 3906.25 7812.5 15625 31250 62500 125000 250000 500000 1e+06 
50.9629 46.8416 51.2385 57.9224 60.5263 62.1737 64.1951 63.8454 62.06 59.8385 63.1926 63.1926 
32.4089 49.8425 50.0624 51.6697 58.4597 60.6831 63.2828 62.4361 62.06 88.1556 80.0342 80.0342 
40.7379 49.8344 50.3414 54.4094 57.2421 62.7472 64.9701 63.8454 60.8187 61.4587 93.2324 93.2324 
37.2554 48.965 51.1755 55.5328 56.361 60.9486 62.5153 62.7165 61.4002 57.8981 87.1394 87.1394 
38.2214 42.9612 48.8787 55.3832 63.2405 61.956 61.3033 62.7165 61.4743 60.2449 74.1451 74.1451 
42.6531 47.4487 50.3371 53.4318 59.2911 61.1913 62.4643 63.5009 61.9811 59.0582 62.6924 62.6924 
42.055 48.4228 47.7322 56.1737 60.6891 61.8783 62.953 62.7165 62.1396 59.6404 64.3917 64.3917 
24.1399 47.1025 52.7298 55.5102 59.9006 62.2157 63.1205 63.8454 62.7295 58.8698 62.6924 62.6924 
0 0 0 0 0 0 0 0 0 0 0 0 
34.0318 46.5934 56.3909 56.6599 57.4655 62.9538 63.6632 63.8454 62.645 59.0582 60.4644 60.4644 
 
46293.7 82784.8 56254.4 36223.9 22692.8 13968.7 8455.01 5101.72 3044.34 1893.3 843.005 843.005 
38655.4 35724.1 31951.9 21824 9044.69 5722.56 3615.75 5120.41 3044.34 1024.52 131.471 131.471 
42155.9 50593 44472.9 34104.4 9758.2 6695.32 5951.19 5101.72 3067.57 1804.8 565.376 565.376 
49531.1 58125.3 48314 33041.9 19022.8 12754.6 8254.57 5184.67 3071.39 1880.99 670.184 670.184 
52007.9 64630.5 54669.7 35057.9 21501.7 13363.4 8241.44 5184.67 3040.26 1829.62 762.364 762.364 
49684.8 67898.7 52662.8 33411.7 21449.6 13526.5 8341.87 5098.45 3075.47 1855.03 862.87 862.87 
67828.5 76290.7 50889.9 34770.7 20226.7 13706.2 8524.62 5184.67 3013.27 1925.32 827.082 827.082 
73672.9 75212.3 56038.7 36059 22687.5 13796.8 8262.35 5101.72 3017.61 1886.92 862.87 862.87 
0 0 0 0 0 0 0 0 0 0 0 0 
67571.5 81374.9 54181.2 35506.5 23930 13722.1 8358.23 5101.72 3048.68 1855.03 862.219 862.219 
