976.563 1953.13 3906.25 7812.5 15625 31250 62500 125000 250000 500000 1e+06 
38.5651 45.7221 47.8809 54.4644 57.0935 59.5699 60.1041 62.8126 60.1839 58.2928 53.3011 53.3011 
43.9644 46.7306 50.5567 55.5885 58.2572 60.5887 61.2693 60.735 62.207 59.189 53.3119 53.3119 
43.7849 49.1229 53.5987 55.637 58.8865 60.5598 61.8181 62.8126 61.5764 58.7138 54.6881 54.6881 
40.4154 47.6461 50.1928 56.1199 58.9012 61.5497 61.8181 61.7616 61.5764 58.7138 53.9968 53.9968 
45.0075 48.6304 53.9035 56.9366 58.9012 61.5497 61.7718 62.9201 62.207 60.5444 55.3859 55.3859 
44.6304 47.2114 54.0513 56.5922 59.522 62.5973 61.8181 62.7064 62.207 58.5021 54.8696 54.8696 
44.0887 49.1259 51.8386 56.5503 58.9425 62.5392 62.316 63.7685 62.7506 58.5021 54.6881 54.6881 
44.6156 48.3373 52.1724 57.0926 58.9425 61.5065 62.316 63.65 62.1167 58.7138 54.1737 54.1737 
40.8536 50.0919 54.795 56.0492 59.5302 62.5392 62.8598 63.65 62.1167 57.7944 55.0524 55.0524 
41.1022 50.2619 54.3384 56.8337 59.5456 62.482 62.8598 64.7227 62.7506 59.8556 55.572 55.572 
 
118382 87798.8 58380.7 38888.1 24767.2 15739.6 9855.87 5886.26 3678.22 2226.73 1351.08 1351.08 
119287 87210.4 59296.1 38518 24225.4 15473.9 9682.93 6063.91 3525.71 2235.02 1311.92 1311.92 
118514 87664.7 58585.4 38783 24477.7 15745.6 9690.43 5886.26 3553.76 2157.28 1296.64 1296.64 
136211 91086.4 61055.5 39282.4 24738 15755.5 9690.43 5974.34 3553.76 2157.28 1304.23 1304.23 
123949 90535.3 60158.2 39490.3 24738 15755.5 9783.3 5788.17 3525.71 2174.18 1289.16 1289.16 
126251 93997.9 60946.9 39784.9 25255 15497.6 9690.43 5984.72 3525.71 2191.93 1285.03 1285.03 
129734 90268.9 61454.5 39518.5 25521.3 15769.4 9791.54 5897.89 3531.41 2191.93 1296.64 1296.64 
128191 94213.4 63029.6 40557.9 25521.3 16028.1 9791.54 5996.38 3559.22 2157.28 1292.59 1292.59 
132601 94986.8 60795.8 41180.2 25516.6 15769.4 9800.5 5996.38 3559.22 2149.48 1273.45 1273.45 
137330 93152.7 62529.1 41388.7 26040.9 16042.1 9800.5 5910.82 3531.41 2131 1277.57 1277.57 
