976.563 1953.13 3906.25 7812.5 15625 31250 62500 125000 250000 500000 1e+06 
20.2191 21.7808 22.4993 25.8854 29.9265 36.5013 43.0016 49.0142 51.3415 51.515 48.3191 48.3191 
20.7709 21.8779 22.8108 26.3029 30.3477 36.7131 43.778 49.0635 52.65 50.552 48.3191 48.3191 
22.0034 21.4586 23.1518 26.4206 30.5543 37.6465 43.3605 50.3009 52.65 51.6285 48.0476 48.0476 
20.6838 22.279 23.2523 26.535 30.9598 37.3258 43.9516 49.521 52.6536 51.6285 48.183 48.183 
21.804 22.0598 23.3491 26.535 31.3554 37.8436 43.3605 50.342 52.65 52.8346 48.183 48.183 
21.1794 22.4941 23.5308 27.0362 31.1882 38.0371 45.5021 50.342 53.3192 52.7049 48.8904 48.8904 
20.8167 22.1713 23.4863 26.8597 31.5495 37.9064 44.8847 50.3824 53.3192 52.7049 47.0468 47.0468 
20.1957 21.796 24.0674 26.9473 31.9306 38.0371 44.8847 50.7537 53.3192 53.6096 48.183 48.183 
20.6425 22.4941 23.752 26.1963 32.1177 38.7415 44.2841 50.3824 53.3192 51.6285 48.3191 48.3191 
20.6838 21.9336 24.147 27.2378 31.9306 38.4139 44.8847 49.9739 53.3095 53.1535 48.183 48.183 
 
19440.6 17142.7 14774 12796.8 10496.1 8232.64 6096.53 4145.22 2756.86 1768.22 1120.35 1120.35 
20371.3 17545.5 15125.1 12929.2 10633.5 8308.89 6077.36 4175.16 2725.37 1732.34 1120.35 1120.35 
19011.1 17766.1 15363.4 13108.6 10702.5 8432.38 6261.62 4165.29 2725.37 1735.54 1142.76 1142.76 
21063.1 18185.4 15653.1 13288.2 10841 8538.76 6160.09 4201.71 2694.06 1735.54 1131.54 1131.54 
20045 18352.3 15943.1 13288.2 10980.1 8509.45 6261.62 4195.39 2725.37 1706.63 1131.54 1131.54 
20898.6 18765.2 16006 13601.8 11087.3 8586.7 6125.23 4195.39 2694.36 1739.23 1123.06 1123.06 
20025.8 18642.1 16119.6 13827.9 11049.9 8770.27 6225.4 4225.52 2694.36 1739.23 1126.36 1126.36 
21229.2 18748.2 16195.9 13714.8 11190.1 8586.7 6225.4 4192.49 2694.36 1698.47 1131.54 1131.54 
21409.4 18765.2 16473.3 13740.7 11260.4 8635.95 6326.18 4225.52 2694.36 1735.54 1120.35 1120.35 
21063.1 18923.6 16486.6 13962.3 11190.1 8741.73 6225.4 4228.56 2725.71 1718.8 1131.54 1131.54 
