976.563 1953.13 3906.25 7812.5 15625 31250 62500 125000 250000 500000 1e+06 
35.0833 40.6332 47.7227 52.3083 55.8205 57.6658 60.6224 60.9516 61.0711 59.979 56.2951 56.2951 
37.3452 42.1152 47.931 52.5509 55.785 58.5418 60.6224 60.9516 61.1546 59.379 54.9081 54.9081 
35.699 43.0721 48.1353 52.9 56.3269 59.437 61.196 61.039 61.8113 59.379 55.3715 55.3715 
39.4122 42.1906 47.393 52.3699 57.4129 60.3548 60.7006 61.8969 61.8113 58.551 55.5546 55.5546 
33.6997 45.5138 48.3356 53.1936 57.9185 58.5493 60.7006 62.7539 61.323 59.379 55.7389 55.7389 
33.9125 43.1271 51.1076 53.4909 56.3887 60.3843 61.196 61.8969 61.323 61.5033 54.1536 54.1536 
35.635 44.131 49.33 54.2005 56.842 60.3843 61.196 62.8616 61.9878 59.379 54.8008 54.8008 
30.067 45.2255 48.0118 53.951 56.3887 60.3548 60.7006 62.7539 61.8993 59.8214 55.6371 55.6371 
35.9484 44.8596 49.3963 54.3025 57.9378 59.4552 62.2857 62.8616 62.5738 58.9766 54.5077 54.5077 
38.2959 44.9433 48.5321 54.3025 57.4577 61.2545 61.7374 63.7273 61.9878 60.8972 55.8223 55.8223 
 
116650 88492.6 63485.7 42944.9 28224 18212.5 11188.6 6876.09 4182.05 2547.55 1515.91 1515.91 
120893 97540.3 64264.8 44014.5 27959.5 18213.3 11188.6 6876.09 4147.08 2501.58 1501.39 1501.39 
125146 94968.2 65045.9 43969.6 27943 17939.1 11005.9 6774.43 4083.5 2501.58 1506.15 1506.15 
114433 93782.6 67866 43211.9 27916.4 17668.8 10998 6785.38 4083.5 2492.22 1494 1494 
128062 91488.5 65828.9 43657.9 27377.1 17935.1 10998 6797.5 4077.36 2501.58 1481.88 1481.88 
125607 93098 61641.6 43347.5 28472.8 17391.7 11005.9 6785.38 4077.36 2449.47 1480 1480 
120047 96944.9 63818.9 43266.8 27664.2 17391.7 11005.9 6696.07 4014.09 2501.58 1472.49 1472.49 
136316 92570.3 61700.8 43843.3 28472.8 17668.8 10998 6797.5 4048.75 2429.71 1453.02 1453.02 
122726 95522 67179.9 43804.1 27641.5 17661.4 10833.5 6696.07 3985.83 2420.42 1455.85 1455.85 
115708 93656.9 66613.7 43804.1 28446.9 17679.7 10919.3 6709.31 4014.09 2403.67 1441.01 1441.01 
