976.563 1953.13 3906.25 7812.5 15625 31250 62500 125000 250000 500000 1e+06 
31.2727 41.0874 43.8082 52.9693 55.6841 59.2672 60.8048 62.1748 61.1583 58.5132 60.2767 60.2767 
33.3761 41.1193 49.7603 54.155 56.2994 60.319 61.9804 63.1108 61.7665 59.7846 59.3188 59.3188 
31.6667 44.3414 51.3558 53.8128 58.6561 61.2346 62.4298 62.1748 61.7665 58.6944 58.0165 58.0165 
37.0523 43.6604 53.191 54.2278 58.6563 61.1859 63.0803 62.1748 62.3827 59.982 57.1007 57.1007 
38.9772 42.8393 49.5754 55.0137 59.2619 61.1859 63.6295 62.1748 62.8375 59.7846 56.0369 56.0369 
37.8688 44.4274 51.8709 55.3896 59.241 61.2838 63.0252 63.1108 62.3827 58.5132 56.9241 56.9241 
37.6122 43.4451 49.7038 55.4733 59.8481 61.1375 63.6295 64.1584 62.3827 58.6944 57.4692 57.4692 
34.4946 44.3144 49.0133 55.1618 57.5072 61.1859 62.38 65.2316 62.3023 58.6944 57.4692 57.4692 
36.3828 46.1437 50.5153 55.19 59.2165 62.0921 62.863 64.1584 62.3023 59.7846 57.2905 57.2905 
37.8688 44.7686 51.7942 55.5787 58.6506 62.0921 62.8099 65.1038 62.9218 59.7846 57.6497 57.6497 
 
61965.7 80714.2 57144.7 37480 23954.9 15150.8 9385.47 5743.08 3421.85 2119.92 1068.22 1068.22 
97976.3 83004.7 56505.5 37650.1 24192.4 14638.4 9221.57 5752.43 3394.44 2061.42 1085.47 1085.47 
79828.4 80745 56983.9 37925.6 23925 15168.9 9406.83 5743.08 3394.44 2087.19 1088.8 1088.8 
101242 82553.8 53746.4 38151.6 24173.9 15429.6 9237.95 5743.08 3367.33 2028.92 1106.51 1106.51 
144186 85978.1 59545.4 38358.4 23428.8 15429.6 9247.25 5743.08 3403.94 2061.42 1135.1 1135.1 
110009 83736.2 55411.8 38338.5 24424.3 14908.7 9326.61 5752.43 3367.33 2119.92 1117.14 1117.14 
107082 86452.7 60273 39094.2 23929.4 15690.8 9247.25 5669.28 3367.33 2087.19 1120.61 1120.61 
95385.1 88332.6 60410.5 39617.8 24925.7 15429.6 9495.73 5587.68 3399.07 2087.19 1120.61 1120.61 
127936 87556.5 60874.1 39870.1 25423.9 15705.9 9593.33 5669.28 3399.07 2061.42 1131.27 1131.27 
110009 88130.7 59910 40104 25672.5 15705.9 9682.49 5681.19 3372.2 2061.42 1109.98 1109.98 
