976.563 1953.13 3906.25 7812.5 15625 31250 62500 125000 250000 500000 1e+06 
38.0588 43.1639 50.3653 55.1432 58.8714 61.6371 63.2536 63.1393 60.8924 58.204 53.6596 53.6596 
38.7197 44.4336 52.0704 56.3778 59.4763 62.7161 63.1958 64.26 61.626 57.6566 53.4761 53.4761 
36.8397 46.6053 53.1546 57.2472 60.1087 62.7161 62.6255 63.1393 61.626 58.4126 52.6018 52.6018 
40.8842 47.6461 52.5729 57.7105 60.1087 62.5973 63.1958 64.26 62.1955 59.8147 53.2822 53.2822 
40.4829 47.5136 53.6134 58.1636 61.3171 62.6562 64.3346 64.1343 62.2868 58.6239 53.6505 53.6505 
39.4811 48.9798 54.3384 58.1958 60.7108 62.5973 63.7655 64.1343 63.4322 58.4126 54.5496 54.5496 
43.6946 48.6703 54.0513 58.6361 61.2947 64.6023 65.5469 64.26 63.5331 60.7879 53.8262 53.8262 
40.9579 49.929 55.4538 59.0933 61.883 63.6005 64.832 64.9902 63.4322 58.8381 53.8262 53.8262 
42.5846 48.5603 54.3219 58.3516 61.883 63.6005 64.832 65.4088 62.7643 60.0443 53.6505 53.6505 
41.3786 49.0138 56.1609 58.7504 61.8704 63.4567 64.903 65.1273 62.8599 59.5884 53.8262 53.8262 
 
108066 84927.2 58517.7 38287 24217.7 15212.7 9153.71 5593.04 3376.99 2080.71 1250.08 1250.08 
117202 89493.1 58922.3 38455.5 23952.8 14956.1 9245.61 5507.5 3315.78 2005.3 1223.36 1223.36 
130839 89044.8 60319.6 38931 24730.2 14956.1 9236.7 5593.04 3315.78 2046.55 1242.63 1242.63 
123590 91086.4 61276.4 39438.4 24730.2 15497.6 9245.61 5507.5 3320.92 1986.37 1196.88 1196.88 
131060 92929.4 62687.2 39948.9 24731.9 15226.5 9265.7 5604.56 3287.97 2012.55 1211.93 1211.93 
132362 94725.5 62529.1 40216.2 24990.9 15497.6 9255.28 5604.56 3299.01 2046.55 1192.9 1192.9 
157254 95785.3 60946.9 40730.2 25516.2 15537.2 9196.97 5507.5 3266.13 1994.5 1200.53 1200.53 
138539 96828.4 64767.6 41515.9 25520.7 15515.4 9368.93 5714.87 3299.01 1978.69 1200.53 1200.53 
136432 100291 66664.9 41556.8 25520.7 15515.4 9368.93 5423.67 3326.32 1952.64 1211.93 1211.93 
144095 100012 64629.8 41804.6 25782.9 16059.9 9276.89 5617.44 3293.36 2020.24 1200.53 1200.53 
