976.563 1953.13 3906.25 7812.5 15625 31250 62500 125000 250000 500000 1e+06 
21.7462 23.3436 23.0277 23.8708 27.2606 33.6956 38.288 45.3412 48.5349 49.9789 46.8489 46.8489 
23.4632 22.5202 22.7897 24.402 27.9586 33.3803 39.4001 45.6972 49.1835 50.7791 47.4313 47.4313 
21.9891 23.0098 22.4077 24.138 28.3894 33.9321 39.4001 46.1354 49.2184 50.7791 47.4313 47.4313 
22.1172 22.2437 22.362 24.5778 28.3217 34.5192 40.4931 46.2848 49.2184 50.3466 46.8489 46.8489 
22.629 22.3786 22.273 24.4122 28.1611 34.1997 40.4931 46.3576 49.9037 50.7468 46.146 46.146 
22.2011 21.9732 21.9999 24.6637 28.3217 34.1997 41.3362 46.7189 49.2184 50.7791 46.9738 46.9738 
21.3611 22.0051 21.9999 24.6637 27.7483 34.462 40.4931 46.6475 49.8754 50.8757 47.0995 47.0995 
21.3611 20.8595 22.0415 24.0795 27.9036 34.5192 40.4931 46.6475 49.8139 50.8757 46.7508 46.7508 
20.4546 20.9553 21.2981 23.7496 28.5775 35.0408 40.7335 46.9444 49.1835 50.4983 45.9142 45.9142 
19.8275 20.0135 21.7289 24.0795 28.9976 34.7827 41.3362 46.9444 49.8139 50.4681 45.798 45.798 
 
15845.9 14036.7 12275.6 10485.4 8840.76 6970.93 5358.42 3851.62 2575.11 1676.5 1090.51 1090.51 
16285.5 14417.4 12213.8 10613.2 8865.1 7078.81 5412.17 3817.17 2542.73 1656.77 1092.93 1092.93 
16538.3 14314 12490.6 10549.2 8823.96 7225.72 5412.17 3812.01 2573.43 1656.77 1092.93 1092.93 
16827.8 14582.8 12603.5 10790.2 9105.91 7191.97 5467.98 3870.49 2573.43 1677.37 1090.51 1090.51 
16379.7 14870.4 12829.3 11015.8 9213.65 7299.53 5467.98 3899.79 2572.05 1667.52 1099.28 1099.28 
16485.2 14748.5 12881 11080.2 9105.91 7299.53 5445.2 3865.62 2573.43 1656.77 1079.43 1079.43 
16698.9 14635.2 12881 11080.2 9254.99 7373.58 5467.98 3836.31 2541.29 1624.6 1068.38 1068.38 
16698.9 14787.6 12768 11064.6 9147.09 7191.97 5467.98 3836.31 2479.98 1624.6 1044.07 1044.07 
16170.2 14333.9 12698.6 11113.8 9172.75 7340.5 5548.21 3772.99 2542.73 1623.71 1063.87 1063.87 
16335.3 14550.2 12933 11064.6 9132.31 7266.12 5445.2 3772.99 2479.98 1634.41 1074.9 1074.9 
