976.563 1953.13 3906.25 7812.5 15625 31250 62500 125000 250000 500000 1e+06 
23.6032 31.199 39.1434 45.0803 51.8666 54.3793 56.8711 57.4661 57.951 55.3419 49.4893 49.4893 
24.9586 32.9687 39.5227 46.0453 51.2196 54.8248 57.6175 58.3009 57.0755 55.7165 49.6625 49.6625 
24.3463 33.0126 41.093 47.3876 52.22 55.7318 59.0593 58.6908 57.8111 55.2742 48.7186 48.7186 
23.6754 34.1527 41.9417 47.615 52.9587 56.1869 58.2781 58.6908 57.8809 55.7165 50.0913 50.0913 
22.5214 34.8864 41.6983 48.7953 52.3009 56.2078 58.3039 58.67 57.8809 55.478 48.7186 48.7186 
25.559 35.9768 42.8762 48.8947 53.0321 56.6201 58.3039 59.0992 57.1389 55.7863 48.7186 48.7186 
24.9528 33.806 42.6325 48.9923 53.1029 57.0792 58.2781 59.076 57.2026 55.7165 48.1191 48.1191 
27.798 34.1528 42.2805 48.9923 54.7142 57.0748 57.5823 59.1224 58.559 55.7863 49.4893 49.4893 
24.6093 35.923 42.8263 48.9923 54.7142 57.07 59.7891 59.076 57.951 56.2345 50.2692 50.2692 
26.8379 35.5018 43.3067 49.2734 53.9658 57.0792 58.2781 59.9161 57.951 55.8564 49.6625 49.6625 
 
53091.1 43903.7 34427.7 24551.5 16419.7 11110.3 7003.22 4441.41 2720.7 1724.07 1100.8 1100.8 
57165.9 46944.4 36413.5 25216.3 16937.4 11105.9 6915.82 4412.26 2815.34 1726.14 1089.24 1089.24 
59112 48546.9 36313.5 25593.4 17401.4 11185.6 7011.13 4445.43 2785.89 1735.36 1109.11 1109.11 
60542.8 50461.6 36388.7 26081.9 17131.4 11269.9 7186.34 4445.43 2753.25 1726.14 1104.17 1104.17 
62424.8 50143.5 37465.7 26230.3 17647.8 11443.6 7096.85 4477.14 2753.25 1701.55 1109.11 1109.11 
60832.8 50484.7 37474.4 26476.4 17377.9 11181.2 7096.85 4447.14 2782.65 1714.86 1109.11 1109.11 
68386 53033.7 37779.7 26722.6 17624.9 11440.7 7186.34 4478.86 2750.04 1726.14 1105.93 1105.93 
59207.9 53676.3 37853.4 26722.6 17588.3 11353.7 7094.14 4415.46 2756.77 1714.86 1100.8 1100.8 
64244.5 52092.5 39016.9 26722.6 17588.3 11266.8 7015.7 4478.86 2720.7 1705.73 1092.59 1092.59 
59017.1 54658.8 38407.4 27463.1 17852.8 11440.7 7186.34 4451.11 2720.7 1703.61 1089.24 1089.24 
