976.563 1953.13 3906.25 7812.5 15625 31250 62500 125000 250000 500000 1e+06 
26.8909 39.4003 45.767 55.766 60.946 59.0739 63.7438 63.1985 63.5748 61.5855 82.3649 82.3649 
29.4674 37.9991 43.9256 52.2838 58.6409 57.3251 62.6373 64.7655 63.5748 62.1822 68.661 68.661 
35.6505 42.804 53.659 53.8359 57.111 63.2488 64.0734 62.9023 63.4881 60.3676 66.3432 66.3432 
24.6891 39.7815 45.463 52.0612 58.0975 62.6101 62.955 63.8245 63.4019 61.1686 63.9245 63.9245 
22.3285 36.9481 47.125 54.2887 58.0975 62.2729 64.0126 65.5966 63.4019 61.3757 63.4882 63.4882 
22.9127 38.8587 44.0157 57.337 58.5939 60.6707 63.4806 64.6477 63.9642 59.5642 63.4134 63.4134 
27.1226 40.6999 43.6969 52.8441 57.1426 62.3387 63.8925 64.5316 63.9642 61.3757 62.7715 62.7715 
27.6386 34.7846 46.1989 51.8268 58.093 63.1717 63.8925 65.4694 64.4396 61.1686 62.7715 62.7715 
19.8266 35.9594 45.1699 53.5859 58.5993 63.1717 63.8925 64.6477 63.4019 61.3757 63.1972 63.1972 
37.2218 35.9594 46.8503 54.7381 58.564 63.2488 64.2982 64.6477 63.9642 60.3676 61.7611 61.7611 
 
58726 53224.8 48040.3 38320.1 16331.9 17513.4 9880.45 6523.38 3909.46 2357.51 915.009 915.009 
71305.2 74585 69385.9 44160.7 26676.6 18835 10862.4 6644.9 3909.46 2400.04 1099.1 1099.1 
68199 90577.1 57413.2 48919.6 29459.2 18124.8 10894.3 6813.13 3942.21 2416.42 1140.9 1140.9 
65134.1 86045.2 69665.3 47008.4 29711.5 17304.6 11145.6 6728.33 3975.03 2424.94 1194.68 1194.68 
91112 98058.9 68431.2 44258.8 29711.5 18636.3 10985.2 6659.22 3975.03 2391.16 1216.01 1216.01 
83101.8 94386.4 71667 45651.9 29459 18333.1 11065 6741.53 3948.27 2408.27 1190.12 1190.12 
163196 96348.3 70233.7 48225.4 31242.9 18368.9 11167.5 6838.45 3948.27 2391.16 1222.18 1222.18 
112555 88510.4 70213.7 47547 30220.9 18391.8 11167.5 6755.85 3954.54 2424.94 1222.18 1222.18 
120078 106765 71289.7 46618.7 29204.8 18391.8 11167.5 6741.53 3975.03 2391.16 1200.78 1200.78 
108979 106765 66980 48858.1 30734 18124.8 11270.8 6741.53 3948.27 2416.42 1213.36 1213.36 
