976.563 1953.13 3906.25 7812.5 15625 31250 62500 125000 250000 500000 1e+06 
25.105 25.0769 25.0893 28.5118 32.2314 38.0208 45.3316 51.4283 54.6611 54.5525 51.6359 51.6359 
24.8247 24.843 25.5841 27.7052 31.5634 38.9053 45.6271 51.3898 54.8234 54.8934 52.6038 52.6038 
24.1726 24.932 25.5841 27.7052 31.9678 38.7787 45.6271 51.3034 55.4319 55.2394 51.9713 51.9713 
22.7602 24.6002 25.2116 27.2891 32.2369 39.1752 46.2078 53.2244 55.4755 55.4144 52.3003 52.3003 
22.8142 24.003 25.3374 28.3385 32.5073 39.303 46.5299 52.2271 55.6488 54.6869 52.8013 52.8013 
23.637 23.0866 24.833 28.3385 32.9275 39.5712 47.1294 52.2624 55.1013 55.7692 52.4664 52.4664 
22.8642 23.9227 25.4668 27.2891 32.9193 39.303 47.5668 52.2271 55.6919 56.8727 52.3004 52.3004 
23.3893 23.8444 24.5643 28.3385 32.9193 40.0928 47.65 52.2271 55.7349 56.1305 51.9613 51.9613 
23.4488 23.9227 25.4668 28.1127 32.9275 40.2149 47.65 53.1767 55.6919 55.949 51.2955 51.2955 
21.941 24.2638 26.0849 28.1127 32.7789 40.6103 48.181 53.1767 56.2906 56.1305 51.6159 51.6159 
 
32653.6 27413.4 22924 19315.5 15922.3 12327 8962.4 6041.27 3843.74 2415.6 1470.34 1470.34 
30858.1 26871.6 22776.3 18898.3 15379.7 12084.3 8684.15 5944.27 3708.26 2344.59 1438.4 1438.4 
30821.5 26524.7 22776.3 18898.3 15415.3 12003.4 8684.15 5751.35 3643.63 2274.18 1406.27 1406.27 
29164.9 26330.9 22578.9 18691.5 15379.1 11708.1 8670.41 5744.56 3610.07 2239.2 1382.5 1382.5 
31111.6 25599.2 22234.3 18763.6 15343.2 11788.9 8393.56 5651.14 3476.58 2197.75 1347.07 1347.07 
30086.1 26260 22382.6 18763.6 15018.8 11682 8380.73 5747.32 3474.08 2169.68 1331.41 1331.41 
30759.6 25946.1 21890 18691.5 15199.5 11788.9 8192.93 5651.14 3443.39 2142.1 1343.15 1343.15 
29544.2 26293.3 21842.4 18763.6 15199.5 11737.6 8280.7 5651.14 3410.28 2100.77 1327.58 1327.58 
29193.6 25946.1 21890 19106.3 15018.8 11818.9 8280.7 5552.09 3443.39 2135.15 1335.56 1335.56 
30194.9 26138 22630.3 19106.3 15307.6 11794.1 8181.26 5552.09 3412.96 2100.77 1312.15 1312.15 
