976.563 1953.13 3906.25 7812.5 15625 31250 62500 125000 250000 500000 1e+06 
0.973891 2.27848 4.28472 7.07807 13.8462 26.7665 45.4054 61.7165 72.0122 74.6425 69.357 69.357 
0.546021 1.84127 3.90165 6.70526 14.4812 27.1713 45.1544 62.0659 72.0122 74.6425 69.357 69.357 
0.973891 1.88655 3.51546 7.59375 14.1794 26.4805 44.5574 61.7165 71.3979 74.5036 68.9553 68.9553 
0.354481 1.711 3.51546 7.07807 14.4812 26.0783 44.9756 61.7165 71.3979 75.3973 70.3659 70.3659 
0.94499 1.88655 3.90165 6.96013 14.5092 26.3658 45.1544 61.7165 71.3979 74.5036 69.6644 69.6644 
0.354481 1.88655 3.51546 7.21837 14.5092 26.7665 45.5821 61.7165 72.1514 75.0208 69.6644 69.6644 
0.546021 1.88655 4.13612 7.07807 14.4812 26.7665 45.5821 61.7165 71.3979 75.0208 69.357 69.357 
0.94499 1.711 3.51546 7.70498 14.1794 26.7665 45.4054 61.7165 71.2678 75.0208 68.655 68.655 
0.546021 1.711 3.90165 7.33423 14.1794 26.8867 44.793 62.0617 72.0122 75.0208 69.357 69.357 
0.354481 2.10783 3.74827 7.07807 14.5092 26.4805 44.9756 62.0617 71.2678 75.0208 68.362 68.362 
 
9773.83 9978.03 9925.41 9899.13 9558.83 8862.02 6818.52 4282.62 2333.17 1205.77 637.46 637.46 
9912.11 10114.3 9885.01 9855.37 9553.53 8818.3 6986.06 4231.1 2333.17 1205.77 637.46 637.46 
9773.83 9939.68 9845.05 9771.28 9608.99 8799.83 7008.01 4282.62 2327.7 1213.76 626.327 626.327 
9806.4 9833.35 9845.05 9899.13 9553.53 8844.3 6913.08 4282.62 2327.7 1211.76 633.167 633.167 
9948.85 9939.68 9885.01 9791.06 9659.48 8906.17 6986.06 4282.62 2327.7 1213.76 629.699 629.699 
9806.4 9939.68 9845.05 9726.94 9659.48 8862.02 6891.66 4256.82 2308.22 1208.74 629.699 629.699 
9912.11 9939.68 9818.73 9899.13 9553.53 8862.02 6891.66 4282.62 2327.7 1208.74 637.46 637.46 
9948.85 9833.35 9845.05 9879.57 9608.99 8862.02 6818.52 4282.62 2352.72 1208.74 634.129 634.129 
9912.11 9833.35 9885.01 9835.11 9608.99 8755.8 6840.16 4282.69 2333.17 1208.74 637.46 637.46 
9806.4 9871.5 9778.51 9899.13 9659.48 8799.83 6913.08 4282.69 2352.72 1208.74 641.948 641.948 
