976.563 1953.13 3906.25 7812.5 15625 31250 62500 125000 250000 500000 1e+06 
6.64257 11.117 21.0723 37.9718 56.5749 70.2202 78.9129 77.8419 73.2689 64.1756 44.9644 44.9644 
6.36557 11.1988 21.0723 37.4472 56.8027 69.9309 79.4572 78.158 73.4808 63.8233 45.0354 45.0354 
7.07971 11.117 21.209 37.9718 56.5749 70.0016 79.4134 78.1886 73.5127 63.8233 44.7723 44.7723 
6.80632 11.117 21.0723 37.4653 56.5749 69.7144 78.864 78.1886 73.5127 64.0692 44.5807 44.5807 
6.31149 11.1988 21.0723 37.7263 57.0464 70.1501 79.4572 77.8093 73.3014 63.8233 44.7723 44.7723 
6.80632 11.1988 21.0723 37.7106 56.5749 70.0016 78.2718 78.1886 73.7259 63.9298 44.9644 44.9644 
6.86241 11.1988 21.0723 37.7106 56.5749 70.2895 79.4134 78.1886 73.3014 63.8233 44.8929 44.8929 
6.53238 11.117 21.2059 37.4472 56.8027 70.2202 78.864 78.5403 73.4808 64.1756 44.9149 44.9149 
6.80632 11.117 21.0723 37.7263 56.5749 69.9309 78.9129 77.8093 73.3014 63.4778 45.0354 45.0354 
6.58721 11.1988 21.0723 37.7263 56.3527 70.0016 78.864 77.8093 73.4808 63.3679 44.9644 44.9644 
44.9644 
48547.7 48194.2 45141.9 38360.2 25954.7 15322.8 7779.68 4034.41 2056.66 1050.53 788.36 788.36 
48501.1 47963.6 45141.9 38031.6 25631.4 15341.6 7693.79 3979.14 2046.76 1060.94 791.007 791.007 
49112.3 48194.2 44928.8 38360.2 25954.7 15419 7614.07 4005.68 2055.51 1060.94 789.345 789.345 
49064 48194.2 45141.9 38370.7 25954.7 15438.1 7700.02 4005.68 2055.51 1042.07 790.338 790.338 
48735.8 47963.6 45141.9 38534.7 25844.8 15245.3 7693.79 4007.89 2065.41 1060.94 789.345 789.345 
49064 47963.6 45141.9 38195.5 25954.7 15419 7707.07 4005.68 2045.64 1069.39 788.36 788.36 
48829.6 47963.6 45141.9 38195.5 25954.7 15400.2 7614.07 4005.68 2065.41 1060.94 785.715 785.715 
49016.7 48194.2 45462.4 38031.6 25631.4 15322.8 7700.02 3977.09 2046.76 1050.53 794.633 794.633 
49064 48194.2 45141.9 38534.7 25954.7 15341.6 7779.68 4007.89 2065.41 1071.4 791.007 791.007 
48782.2 47963.6 45141.9 38534.7 26278.3 15419 7700.02 4007.89 2046.76 1062.96 788.36 788.36 
