976.563 1953.13 3906.25 7812.5 15625 31250 62500 125000 250000 500000 1e+06 
5.20062 11.0769 21.5019 37.6569 56.4514 69.0505 76.3212 78.2867 73.1552 62.6989 45.386 45.386 
5.42839 11.29 21.2682 38.1259 55.9247 70.381 76.5051 78.1561 73.1552 62.1956 44.4476 44.4476 
5.35159 11.29 21.5019 37.9986 56.4514 70.3184 77.1203 78.6997 73.964 63.8094 44.5645 44.5645 
5.42657 11.29 21.2209 37.6569 56.4674 70.381 77.1203 78.2867 73.7331 62.799 43.6949 43.6949 
5.12209 11.0417 21.2209 37.9986 56.4674 70.381 76.3212 78.2867 72.1289 62.1005 44.5061 44.5061 
5.42657 11.2564 21.4528 37.6569 57.0108 71.3679 76.5051 78.1561 73.964 62.6001 43.6949 43.6949 
5.12209 11.2564 21.3161 37.6569 56.4674 70.195 76.5051 78.8342 73.1552 62.1956 44.4476 44.4476 
4.97166 11.2564 21.5019 37.9986 56.4674 71.3679 77.1203 78.8342 73.964 62.6989 44.5061 44.5061 
5.27372 11.0769 21.5019 38.3419 57.0108 70.5828 77.1203 78.4189 73.1552 63.201 43.6949 43.6949 
5.27372 11.0417 21.4528 37.6569 56.9994 70.3184 77.3128 78.2867 73.964 62.1956 43.6949 43.6949 
 
49311.2 48306.4 45698.1 38953.4 26186.8 15398.6 7904.69 3963.68 2018.65 1104.44 683.182 683.182 
49441 48457.6 45846.1 39098.4 26445.6 14928 7820.41 3992.33 2018.65 1102.56 702.031 702.031 
49114.8 48457.6 45698.1 38865.9 26186.8 15014 7846.13 3972.86 2026.73 1098.75 682.426 682.426 
48592.5 48457.6 46180.8 38953.4 26437.3 14928 7846.13 3963.68 2055.29 1094.75 691.573 691.573 
48985.3 47975.3 46180.8 38865.9 26437.3 14928 7904.69 3963.68 2039.62 1112.26 692.219 692.219 
48592.5 48126.4 46032.8 38953.4 26431.1 14979.1 7820.41 3992.33 2026.73 1114.13 691.573 691.573 
48985.3 48126.4 45511.4 38953.4 26437.3 15186.2 7820.41 3944.3 2018.65 1102.56 702.031 702.031 
49182.2 48126.4 45698.1 38865.9 26437.3 14979.1 7846.13 3944.3 2026.73 1104.44 692.219 692.219 
48788.7 48306.4 45698.1 38779.6 26431.1 15116.5 7846.13 3935.08 2018.65 1106.39 691.573 691.573 
48788.7 47975.3 46032.8 38953.4 26180.4 15014 7762.2 3963.68 2026.73 1102.56 691.573 691.573 
