976.563 1953.13 3906.25 7812.5 15625 31250 62500 125000 250000 500000 1e+06 
30.2819 33.7436 40.572 47.5655 52.0621 55.0837 57.4487 58.8665 59.8035 57.3943 52.9704 52.9704 
25.9789 36.059 40.9122 47.5655 50.8505 55.7797 58.0223 58.9232 59.9518 57.3943 53.6466 53.6466 
27.5773 37.0577 43.8724 48.0038 51.6763 55.7797 58.605 58.9232 59.9518 58.5021 53.6466 53.6466 
29.2624 36.7755 41.5681 47.7838 52.8773 54.456 58.5847 60.9793 60.4938 58.7138 53.8211 53.8211 
23.8864 38.2828 42.9791 48.9867 52.2318 56.5121 59.1721 59.9387 59.9518 58.7138 53.3119 53.3119 
32.2808 37.3787 42.9791 48.4238 52.7202 56.5121 59.1473 59.9387 59.9518 58.7138 53.8211 53.8211 
36.9073 37.0577 43.0835 48.3209 52.7997 56.5006 58.5643 60.8973 61.1179 58.7138 53.3119 53.3119 
32.8006 38.9038 44.799 48.3209 52.9532 56.5121 58.0064 60.8973 61.1179 58.7138 54.1737 54.1737 
29.661 38.2828 45.3784 48.6252 53.6623 56.846 59.1473 60.9793 61.2011 60.0837 54.6881 54.6881 
34.5865 38.29 43.3963 48.2029 53.0273 56.5121 59.7098 61.8554 60.4938 57.5932 53.9968 53.9968 
 
77521.2 62881.4 50688.8 33258.3 22102.6 14683.7 9466.28 6049.37 3605.98 2218.85 1335.32 1335.32 
83131.2 64164.3 51419.6 33258.3 22427.6 14674.7 9376.46 5950.9 3538.84 2218.85 1327.59 1327.59 
92876.2 66270.5 47064.3 33194.9 22898.6 14674.7 9287.41 5950.9 3538.84 2191.93 1327.59 1327.59 
71498 67353 48632.5 33767 22579 14961.8 9379.41 5768.95 3543.56 2157.28 1315.89 1315.89 
84624.7 63755.7 47333.7 33328.7 22610.5 14935.8 9291.07 5859.2 3538.84 2157.28 1311.92 1311.92 
78615 66977.6 47333.7 34215.3 22070.4 14935.8 9383.12 5859.2 3538.84 2157.28 1315.89 1315.89 
81331.5 66270.5 49818.3 33959.7 22324.5 14846.3 9471.58 5866.92 3515.05 2157.28 1311.92 1311.92 
75243.7 68753.3 49287.5 33959.7 22834 14935.8 9468.56 5866.92 3515.05 2157.28 1292.59 1292.59 
90352.6 63755.7 48291.2 34727.4 23061 14843.5 9383.12 5768.95 3481.65 2096.64 1296.64 1296.64 
93056.1 65535.7 50558.3 34788.5 23089.3 14935.8 9387.56 5875.94 3543.56 2184.09 1304.23 1304.23 
