976.563 1953.13 3906.25 7812.5 15625 31250 62500 125000 250000 500000 1e+06 
87.7528 89.4885 88.5736 88.7859 88.3583 88.2463 86.2085 81.7547 73.9085 58.9723 45.5113 45.5113 
85.3194 90.1252 87.1114 88.8999 89.1746 88.4846 86.0117 80.7409 74.3911 60.9732 44.7446 44.7446 
85.8254 89.6165 89.32 89.7821 89.4962 87.7015 85.8526 83.8159 73.9085 60.9732 45.2742 45.2742 
85.6684 88.2729 89.9865 88.344 88.0497 88.7879 85.6949 82.0424 74.3911 60.312 45.3925 45.3925 
83.8281 91.1422 89.9865 89.4594 88.0497 87.7794 86.0117 83.0781 73.9085 59.8561 45.3925 45.3925 
86.488 90.2487 89.9468 88.7859 88.3583 88.0113 85.8526 82.7797 73.9085 60.312 45.3925 45.3925 
84.9914 89.4885 87.1114 89.3419 88.3583 88.7879 86.0117 81.3002 75.0397 60.312 46.048 46.048 
86.3394 90.2656 91.3852 89.2261 88.3583 87.7015 85.4953 82.3351 74.3911 60.0826 44.6303 44.6303 
86.2025 90.0298 90.8435 88.7859 89.1746 88.2463 84.9815 82.0424 74.5562 60.0826 44.3254 44.3254 
86.627 89.2342 90.0297 89.0156 89.1746 88.2463 86.3688 82.3351 75.0397 59.189 46.048 46.048 
 
963602 496040 249989 125885 62126.2 31140.8 15758.6 7976.47 4044.52 2270.01 1214.09 1214.09 
957104 490599 256039 124918 62468.8 30846.2 15617.3 8039.84 4056.04 2252.87 1234.39 1234.39 
872285 499338 247060 125427 61585.6 31013.2 15715 7855.23 4044.52 2252.87 1236.9 1236.9 
941918 518675 250307 125639 63018.1 31270.4 15812.9 7874.54 4056.04 2208.88 1225.48 1225.48 
998369 460080 250307 124208 63018.1 31733.9 15617.3 7813.69 4044.52 2278.75 1225.48 1225.48 
875263 493867 253386 125885 62126.2 31436.7 15715 7914.92 4044.52 2208.88 1225.48 1225.48 
939327 496040 256039 125170 62126.2 31270.4 15617.3 7835.15 4033.74 2208.88 1216.65 1216.65 
944473 515898 250712 126136 62126.2 31013.2 15671.7 7773.13 4056.04 2243.74 1245.82 1245.82 
988930 520428 241398 125885 62468.8 31140.8 15727.1 7874.54 4021.98 2243.74 1220.58 1220.58 
915866 489457 247244 123954 62468.8 31140.8 15661.1 7773.13 4033.74 2235.02 1216.65 1216.65 
