62569 257.176 256.955 257.176 257.418 255.37 258.268 252.793 255.37 264.275 263.249 266.995 -5.71059 -5.19443 -5.71059 -6.22583 -6.80131 -7.76517 -6.34019 -6.80131 -9.62816 -11.2106 -22.5431 
62571 264.889 259.731 250.232 259.991 253.659 254.436 250.232 258.268 259.689 263.711 269.145 -7.0626 -6.17018 -5.8696 -6.67989 -7.90716 -4.72014 -5.8696 -7.76517 -9.79985 -11.7064 -22.3532 
62573 267.197 254.861 257.418 257.176 253.06 262.879 255.37 253.06 258.938 259.157 267.41 -7.00127 -5.76263 -6.22583 -5.71059 -6.86369 -7.62815 -6.80131 -6.86369 -8.7853 -11.9151 -21.4312 
62575 262.302 252.547 257.418 255.37 255.105 255.656 255.656 255.37 253.659 261.434 279.202 -6.62078 -5.81563 -6.22583 -6.80131 -6.28249 -7.31902 -7.31902 -6.80131 -7.90716 -11.8099 -23.5747 
62577 262.044 257.176 252.793 253.06 262.302 255.37 250.481 255.656 256.639 260.967 269.577 -6.1155 -5.71059 -6.34019 -6.86369 -6.62078 -6.80131 -6.39896 -7.31902 -8.86462 -11.3099 -21.2505 
62581 254.861 254.436 252.793 255.105 255.105 257.964 257.418 262.879 259.303 258.236 268.269 -5.76263 -4.72014 -6.34019 -6.28249 -6.28249 -7.25319 -6.22583 -7.62815 -9.29331 -10.905 -21.8937 
62583 259.491 259.272 263.906 259.991 257.68 255.37 255.656 253.659 258.938 257.376 266.112 -5.65948 -5.14788 -5.05725 -6.67989 -6.74006 -6.80131 -7.31902 -7.90716 -8.7853 -12.5288 -22.0804 
62585 262.044 255.105 257.176 254.861 254.638 257.68 255.656 257.418 257.007 264.193 270.038 -6.1155 -6.28249 -5.71059 -5.76263 -5.24182 -6.74006 -7.31902 -6.22583 -9.37706 -12.2005 -22.8097 
62587 259.073 254.861 254.861 250.005 257.68 255.105 258.268 255.656 252.043 261.434 275.229 -4.63546 -5.76263 -5.76263 -5.33924 -6.74006 -6.28249 -7.76517 -7.31902 -9.02761 -11.8099 -22.8806 
62589 262.044 261.589 257.964 250.751 259.731 258.592 257.964 259.991 254.34 259.647 270.038 -6.1155 -5.10217 -7.25319 -6.92722 -6.17018 -8.27589 -7.25319 -6.67989 -8.94538 -12.4174 -22.8097 
