62176 252.322 249.799 259.073 255.105 255.105 255.963 259.991 255.656 251.688 265.989 266.995 -5.29008 -4.80795 -4.63546 -6.28249 -6.28249 -7.83553 -6.67989 -7.31902 -8.50458 -11.6048 -22.5431 
62178 256.575 253.06 257.68 257.68 257.68 257.68 250.232 263.537 257.007 271.018 266.995 -4.15964 -6.86369 -6.74006 -6.74006 -6.74006 -6.74006 -5.8696 -8.6308 -9.37706 -11.8887 -22.5431 
62180 260.573 257.176 254.638 254.638 260.272 255.105 257.964 260.272 256.291 262.951 263.567 -7.69605 -5.71059 -5.24182 -5.24182 -7.18854 -6.28249 -7.25319 -7.18854 -8.35075 -13.2986 -20.6744 
62182 251.935 252.547 252.118 259.991 255.37 255.37 252.793 255.105 257.007 260.967 264.398 -4.23639 -5.81563 -4.76364 -6.67989 -6.80131 -6.80131 -6.34019 -6.28249 -9.37706 -11.3099 -21.1461 
62184 264.613 254.638 254.255 255.105 259.731 249.799 252.547 252.793 256.291 263.249 266.112 -6.5627 -5.24182 -4.19767 -6.28249 -6.17018 -4.80795 -5.81563 -6.34019 -8.35075 -11.2106 -22.0804 
62186 254.096 254.638 255.105 259.731 257.964 255.105 254.638 252.547 259.303 262.951 257.05 -3.6745 -5.24182 -6.28249 -6.17018 -7.25319 -6.28249 -5.24182 -5.81563 -9.29331 -13.2986 -21.2237 
62188 257.418 254.638 255.37 260.573 257.418 255.656 255.963 259.991 257.007 258.236 270.429 -6.22583 -5.24182 -6.80131 -7.69605 -6.22583 -7.31902 -7.83553 -6.67989 -9.37706 -10.905 -21.7099 
62190 259.991 254.638 259.991 257.418 255.105 253.06 252.793 256.291 256.291 264.193 276.485 -6.67989 -5.24182 -6.67989 -6.22583 -6.28249 -6.86369 -6.34019 -8.35075 -8.35075 -12.2005 -22.249 
62192 261.589 254.861 256.417 250.005 258.592 255.37 257.964 255.656 260.895 260.967 270.429 -5.10217 -5.76263 -3.64119 -5.33924 -8.27589 -6.80131 -7.25319 -7.31902 -8.20235 -11.3099 -21.7099 
62194 257.176 259.491 254.861 255.105 254.861 255.656 257.964 257.68 259.303 269.235 271.298 -5.71059 -5.65948 -5.76263 -6.28249 -5.76263 -7.31902 -7.25319 -6.74006 -9.29331 -12.4751 -22.1663 
