61736 254.638 257.418 250.005 257.68 263.198 257.418 252.547 260.573 254.34 264.193 269.145 -5.24182 -6.22583 -5.33924 -6.74006 -8.1301 -6.22583 -5.81563 -7.69605 -8.94538 -12.2005 -22.3532 
61741 256.955 255.37 262.302 257.964 252.547 255.37 256.291 260.573 258.938 262.425 278.28 -5.19443 -6.80131 -6.62078 -7.25319 -5.81563 -6.80131 -8.35075 -7.69605 -8.7853 -12.8043 -23.1357 
61798 266.924 259.991 255.656 245.373 252.547 260.272 262.044 258.938 259.303 261.434 266.112 -6.50563 -6.67989 -7.31902 -5.44033 -5.81563 -7.18854 -6.1155 -8.7853 -9.29331 -11.8099 -22.0804 
61800 256.755 259.731 257.68 255.105 255.105 255.37 250.232 260.272 261.237 263.711 268.742 -4.67742 -6.17018 -6.74006 -6.28249 -6.28249 -6.80131 -5.8696 -7.18854 -8.70737 -11.7064 -20.7882 
61802 264.613 253.06 257.68 252.322 257.964 252.793 255.37 255.37 253.989 263.711 269.145 -6.5627 -6.86369 -6.74006 -5.29008 -7.25319 -6.34019 -6.80131 -6.80131 -8.42697 -11.7064 -22.3532 
61804 260.573 257.418 253.06 251.042 257.68 264.357 252.547 255.656 256.639 262.425 271.298 -7.69605 -6.22583 -6.86369 -7.4543 -6.74006 -6.06179 -5.81563 -7.31902 -8.86462 -12.8043 -22.1663 
61806 259.731 245.163 255.37 249.799 257.176 253.06 255.105 257.68 257.007 262.807 267.41 -6.17018 -4.89909 -6.80131 -4.80795 -5.71059 -6.86369 -6.28249 -6.74006 -9.37706 -10.7131 -21.4312 
61878 259.272 255.105 254.638 250.232 255.37 252.793 255.37 255.656 257.007 263.711 264.848 -5.14788 -6.28249 -5.24182 -5.8696 -6.80131 -6.34019 -6.80131 -7.31902 -9.37706 -11.7064 -22.736 
61883 260.272 254.638 254.638 255.105 252.322 258.268 255.37 257.964 261.599 258.687 278.639 -7.18854 -5.24182 -5.24182 -6.28249 -5.29008 -7.76517 -6.80131 -7.25319 -9.21103 -11.411 -22.0679 
61885 262.879 252.118 255.105 257.964 265.185 255.37 253.659 258.268 261.237 261.92 260.573 -7.62815 -4.76364 -6.28249 -7.25319 -7.56143 -6.80131 -7.90716 -7.76517 -8.70737 -12.308 -20.3764 
61887 256.955 258.268 256.755 254.436 250.232 254.861 255.963 263.537 259.303 263.496 261.392 -5.19443 -7.76517 -4.67742 -4.72014 -5.8696 -5.76263 -7.83553 -8.6308 -9.29331 -13.7909 -20.8545 
61889 264.121 252.547 257.418 255.37 255.656 260.573 257.418 248.169 261.237 263.711 266.112 -5.55995 -5.81563 -6.22583 -6.80131 -7.31902 -7.69605 -6.22583 -6.45882 -8.70737 -11.7064 -22.0804 
61891 261.589 259.491 252.547 257.176 260.272 252.547 253.06 263.198 261.237 262.425 258.394 -5.10217 -5.65948 -5.81563 -5.71059 -7.18854 -5.81563 -6.86369 -8.1301 -8.70737 -12.8043 -20.556 
61893 263.711 255.105 251.935 255.963 250.232 257.964 260.272 260.272 259.303 258.687 269.145 -4.55377 -6.28249 -4.23639 -7.83553 -5.8696 -7.25319 -7.18854 -7.18854 -9.29331 -11.411 -22.3532 
61895 256.755 267.804 257.68 259.731 262.302 264.357 252.547 258.268 258.938 260.687 257.05 -4.67742 -7.98933 -6.74006 -6.17018 -6.62078 -6.06179 -5.81563 -7.76517 -8.7853 -13.4162 -21.2237 
61897 254.638 262.302 254.638 254.255 257.68 255.37 252.793 255.656 257.007 261.434 266.112 -5.24182 -6.62078 -5.24182 -4.19767 -6.74006 -6.80131 -6.34019 -7.31902 -9.37706 -11.8099 -22.0804 
61899 259.991 257.176 257.418 255.105 254.861 255.37 257.418 253.349 258.938 264.193 259.22 -6.67989 -5.71059 -6.22583 -6.28249 -5.76263 -6.80131 -6.22583 -7.38604 -8.7853 -12.2005 -21.0375 
61901 254.638 254.861 255.105 252.793 259.272 255.37 256.955 247.918 257.007 260.967 274.007 -5.24182 -5.76263 -6.28249 -6.34019 -5.14788 -6.80131 -5.19443 -5.92458 -9.37706 -11.3099 -23.518 
61903 261.589 257.418 260.272 255.963 260.272 255.105 259.491 250.481 259.689 258.236 280.42 -5.10217 -6.22583 -7.18854 -7.83553 -7.18854 -6.28249 -5.65948 -6.39896 -9.79985 -10.905 -22.9489 
61905 260.272 259.991 251.935 262.302 252.322 257.964 251.935 253.349 261.237 256.881 269.145 -7.18854 -6.67989 -4.23639 -6.62078 -5.29008 -7.25319 -4.23639 -7.38604 -8.70737 -12.0223 -22.3532 
61907 257.418 247.481 262.044 256.575 257.68 257.68 260.272 260.573 256.639 263.711 273.454 -6.22583 -4.8531 -6.1155 -4.15964 -6.74006 -6.74006 -7.18854 -7.69605 -8.86462 -11.7064 -21.9824 
61909 261.589 256.755 254.638 264.121 252.793 257.68 250.232 258.268 260.895 256.407 272.591 -5.10217 -4.67742 -5.24182 -5.55995 -6.34019 -6.74006 -5.8696 -7.76517 -8.20235 -11.5138 -21.529 
61911 262.302 252.547 257.176 256.955 259.991 257.176 257.68 257.964 258.268 255.519 268.269 -6.62078 -5.81563 -5.71059 -5.19443 -6.67989 -5.71059 -6.74006 -7.25319 -7.76517 -10.4915 -21.8937 
61913 259.491 262.879 254.638 259.991 250.481 254.436 252.793 258.268 262.879 266.467 266.112 -5.65948 -7.62815 -5.24182 -6.67989 -6.39896 -4.72014 -6.34019 -7.76517 -7.62815 -12.0948 -22.0804 
61915 257.176 252.322 254.436 259.491 255.105 258.268 255.37 262.879 257.007 263.711 267.41 -5.71059 -5.29008 -4.72014 -5.65948 -6.28249 -7.76517 -6.80131 -7.62815 -9.37706 -11.7064 -21.4312 
61917 256.955 250.005 257.418 259.991 255.656 260.272 252.547 252.793 257.007 266.467 275.612 -5.19443 -5.33924 -6.22583 -6.67989 -7.31902 -7.18854 -5.81563 -6.34019 -9.37706 -12.0948 -21.8014 
61919 259.491 270.108 259.491 255.37 255.105 257.964 252.793 258.268 254.34 261.92 272.591 -5.65948 -7.92074 -5.65948 -6.80131 -6.28249 -7.25319 -6.34019 -7.76517 -8.94538 -12.308 -21.529 
